   1.0000000e-02   1.9547626e-03   1.3226185e-03   6.7261585e-03   1.3796998e-02   9.7870494e-03
   2.0000000e-02   6.6343387e-03   1.3453755e-02   2.2355272e-02   6.8390108e-02   5.4539473e-02
   3.0000000e-02   1.8018353e-02   2.0546238e-02   5.2509604e-02   1.1363854e-01   1.0575892e-01
   4.0000000e-02   3.4309870e-02   3.6341569e-02   8.6953727e-02   1.7021816e-01   1.6735676e-01
   5.0000000e-02   4.1253601e-02   5.7019616e-02   1.2710392e-01   2.1193689e-01   2.1989442e-01
   6.0000000e-02   6.6202977e-02   9.3314290e-02   1.5837144e-01   2.4706988e-01   2.6950535e-01
   7.0000000e-02   8.0252651e-02   1.1305606e-01   1.7923660e-01   2.7748918e-01   2.9956090e-01
   8.0000000e-02   9.7852079e-02   1.4133384e-01   2.1198706e-01   3.0349222e-01   3.2649141e-01
   9.0000000e-02   1.1704270e-01   1.6063822e-01   2.5099635e-01   3.2270020e-01   3.4744241e-01
   1.0000000e-01   1.4215795e-01   1.7759887e-01   2.7721305e-01   3.4246361e-01   3.6387444e-01
   1.1000000e-01   1.6619659e-01   2.0508360e-01   3.0219439e-01   3.5783224e-01   3.7602041e-01
   1.2000000e-01   2.1066297e-01   2.3273296e-01   3.2525205e-01   3.6824995e-01   3.8639408e-01
   1.3000000e-01   2.1008988e-01   2.4869701e-01   3.3516850e-01   3.7665574e-01   3.9684184e-01
   1.4000000e-01   2.3455707e-01   2.7326399e-01   3.5023825e-01   3.8324389e-01   4.0093885e-01
   1.5000000e-01   2.5238651e-01   2.9499102e-01   3.6432129e-01   3.8830065e-01   4.0717105e-01
   1.6000000e-01   2.5896128e-01   3.1433900e-01   3.7082568e-01   3.9638081e-01   4.1298633e-01
   1.7000000e-01   2.5181688e-01   3.4237304e-01   3.7996888e-01   4.0432048e-01   4.1377040e-01
   1.8000000e-01   2.6984503e-01   3.5501199e-01   3.8939280e-01   4.0702211e-01   4.1367431e-01
   1.9000000e-01   3.1499560e-01   3.7062982e-01   3.9133600e-01   4.1062126e-01   4.1624666e-01
   2.0000000e-01   3.3659038e-01   3.6714912e-01   3.9215280e-01   4.1706610e-01   4.2055261e-01
   2.1000000e-01   3.5772295e-01   3.8045847e-01   4.0547290e-01   4.1865178e-01   4.2140292e-01
   2.2000000e-01   3.7031982e-01   3.6800531e-01   4.0653069e-01   4.1901098e-01   4.2068277e-01
   2.3000000e-01   3.6538176e-01   3.8400601e-01   4.0998437e-01   4.1870582e-01   4.2255510e-01
   2.4000000e-01   3.8460541e-01   3.9431697e-01   4.1081181e-01   4.2361134e-01   4.2225880e-01
   2.5000000e-01   4.1233573e-01   3.8781597e-01   4.1338996e-01   4.1544907e-01   4.2458117e-01
   2.6000000e-01   4.0922297e-01   4.0385262e-01   4.1554124e-01   4.2122475e-01   4.2465047e-01
   2.7000000e-01   3.9524406e-01   3.9837066e-01   4.1664864e-01   4.1743318e-01   4.2085479e-01
   2.8000000e-01   4.0303426e-01   4.1672415e-01   4.1940038e-01   4.1985429e-01   4.2454334e-01
   2.9000000e-01   4.0400083e-01   4.1604405e-01   4.2484529e-01   4.2253408e-01   4.2393661e-01
   3.0000000e-01   4.1183940e-01   4.1798139e-01   4.2174430e-01   4.2504232e-01   4.2469776e-01
   3.1000000e-01   3.9650288e-01   4.1686112e-01   4.2343341e-01   4.2430611e-01   4.2390630e-01
   3.2000000e-01   4.1442550e-01   4.1157384e-01   4.2549543e-01   4.2234754e-01   4.2211168e-01
   3.3000000e-01   4.2094362e-01   4.2089674e-01   4.2376999e-01   4.2294814e-01   4.2433772e-01
   3.4000000e-01   4.0994216e-01   4.1088801e-01   4.2545448e-01   4.2141520e-01   4.2132642e-01
   3.5000000e-01   4.1899328e-01   4.1924339e-01   4.2755992e-01   4.2557333e-01   4.2350994e-01
   3.6000000e-01   4.0140092e-01   4.2722461e-01   4.2344917e-01   4.2487012e-01   4.2392242e-01
   3.7000000e-01   4.2098564e-01   4.2360332e-01   4.1970628e-01   4.2258400e-01   4.2268536e-01
   3.8000000e-01   4.3465295e-01   4.1700462e-01   4.2022636e-01   4.2170530e-01   4.2335800e-01
   3.9000000e-01   4.3590071e-01   4.3045741e-01   4.2555443e-01   4.2541477e-01   4.2287175e-01
   4.0000000e-01   4.2777946e-01   4.2160464e-01   4.2568008e-01   4.2313217e-01   4.2116309e-01
   4.1000000e-01   4.2110453e-01   4.2216730e-01   4.2487553e-01   4.2253170e-01   4.2202998e-01
   4.2000000e-01   4.3315738e-01   4.2568421e-01   4.1892323e-01   4.2112043e-01   4.2392771e-01
   4.3000000e-01   4.3589456e-01   4.2439116e-01   4.1940041e-01   4.2201032e-01   4.2299975e-01
   4.4000000e-01   4.1869640e-01   4.1963454e-01   4.2812395e-01   4.2453571e-01   4.2114956e-01
   4.5000000e-01   4.2047373e-01   4.2232626e-01   4.2130935e-01   4.2233987e-01   4.2350191e-01
   4.6000000e-01   4.1418516e-01   4.2683231e-01   4.2455921e-01   4.2390353e-01   4.2528041e-01
   4.7000000e-01   4.3083825e-01   4.1669634e-01   4.2436712e-01   4.2100837e-01   4.2279033e-01
   4.8000000e-01   4.1848353e-01   4.2487710e-01   4.2192452e-01   4.2210952e-01   4.2478344e-01
   4.9000000e-01   4.1818794e-01   4.1932056e-01   4.2271246e-01   4.2561459e-01   4.2320313e-01
   5.0000000e-01   4.2733754e-01   4.1762101e-01   4.3013602e-01   4.2647216e-01   4.2173935e-01
   5.1000000e-01   4.3574892e-01   4.1800994e-01   4.2124720e-01   4.2112966e-01   4.2457183e-01
   5.2000000e-01   4.2281364e-01   4.1394525e-01   4.1932621e-01   4.2102968e-01   4.2541536e-01
   5.3000000e-01   4.2857028e-01   4.2274248e-01   4.2571049e-01   4.2355985e-01   4.2260133e-01
   5.4000000e-01   4.2604741e-01   4.2195651e-01   4.2760356e-01   4.2044547e-01   4.2411358e-01
   5.5000000e-01   4.1259733e-01   4.2123171e-01   4.2166130e-01   4.2368978e-01   4.2314137e-01
   5.6000000e-01   4.1283643e-01   4.2324321e-01   4.2654693e-01   4.2494655e-01   4.2363305e-01
   5.7000000e-01   4.3587196e-01   4.2807477e-01   4.2280176e-01   4.2501940e-01   4.2296934e-01
   5.8000000e-01   4.1385169e-01   4.2211063e-01   4.1784531e-01   4.2670465e-01   4.2318277e-01
   5.9000000e-01   4.2973001e-01   4.2887153e-01   4.2195511e-01   4.2287514e-01   4.2312784e-01
   6.0000000e-01   4.1852247e-01   4.2049224e-01   4.2295437e-01   4.2850871e-01   4.2395153e-01
   6.1000000e-01   4.3575041e-01   4.3088074e-01   4.2166239e-01   4.2211501e-01   4.2495328e-01
   6.2000000e-01   4.1315932e-01   4.3098678e-01   4.2227956e-01   4.2559581e-01   4.2198127e-01
   6.3000000e-01   4.2548027e-01   4.2913989e-01   4.2712870e-01   4.1984747e-01   4.2324807e-01
   6.4000000e-01   4.1249897e-01   4.2561101e-01   4.2224654e-01   4.2210253e-01   4.2398039e-01
   6.5000000e-01   4.0385645e-01   4.2715577e-01   4.2646802e-01   4.2467693e-01   4.2264733e-01
   6.6000000e-01   4.2079765e-01   4.2112840e-01   4.3043806e-01   4.2490894e-01   4.2299795e-01
   6.7000000e-01   4.2674106e-01   4.2444170e-01   4.1808048e-01   4.2497304e-01   4.2299930e-01
   6.8000000e-01   4.3138741e-01   4.2410725e-01   4.2484826e-01   4.2405521e-01   4.2289605e-01
   6.9000000e-01   4.1753576e-01   4.2231134e-01   4.2445704e-01   4.2031497e-01   4.2475673e-01
   7.0000000e-01   4.2688313e-01   4.2186812e-01   4.2684479e-01   4.2367636e-01   4.2045725e-01
   7.1000000e-01   4.1821627e-01   4.1614822e-01   4.2273198e-01   4.2221251e-01   4.2284426e-01
   7.2000000e-01   4.1973272e-01   4.1505696e-01   4.2038391e-01   4.2382053e-01   4.2041348e-01
   7.3000000e-01   4.2287964e-01   4.2136510e-01   4.2418308e-01   4.2218828e-01   4.2732695e-01
   7.4000000e-01   4.2399275e-01   4.2128067e-01   4.2439418e-01   4.2046309e-01   4.2463420e-01
   7.5000000e-01   4.1166693e-01   4.1970339e-01   4.2326537e-01   4.2144017e-01   4.2187049e-01
   7.6000000e-01   4.0811402e-01   4.2841380e-01   4.2370718e-01   4.2690690e-01   4.2166754e-01
   7.7000000e-01   4.2382382e-01   4.1871444e-01   4.2247816e-01   4.2316006e-01   4.2020678e-01
   7.8000000e-01   4.1877507e-01   4.2400487e-01   4.2183310e-01   4.2333028e-01   4.2640043e-01
   7.9000000e-01   4.2743699e-01   4.2183660e-01   4.2460537e-01   4.2121418e-01   4.2438891e-01
   8.0000000e-01   4.1449993e-01   4.2605488e-01   4.2134687e-01   4.2182359e-01   4.2461743e-01
   8.1000000e-01   4.1616955e-01   4.2766028e-01   4.1855962e-01   4.2019348e-01   4.2061406e-01
   8.2000000e-01   4.4111703e-01   4.1906391e-01   4.2858120e-01   4.2147799e-01   4.2233996e-01
   8.3000000e-01   4.0626624e-01   4.3048307e-01   4.2252201e-01   4.2965304e-01   4.2546208e-01
   8.4000000e-01   4.3293050e-01   4.2785755e-01   4.2982042e-01   4.2244988e-01   4.2389352e-01
   8.5000000e-01   4.3428581e-01   4.2522364e-01   4.2120701e-01   4.2776249e-01   4.2639689e-01
   8.6000000e-01   4.2233773e-01   4.2033341e-01   4.2769385e-01   4.2433546e-01   4.2587711e-01
   8.7000000e-01   4.2885140e-01   4.2403531e-01   4.2089204e-01   4.2284758e-01   4.2181123e-01
   8.8000000e-01   4.3105959e-01   4.2470210e-01   4.2089231e-01   4.2518153e-01   4.1978421e-01
   8.9000000e-01   4.3147220e-01   4.2638401e-01   4.2434270e-01   4.2865652e-01   4.2504749e-01
   9.0000000e-01   4.3262369e-01   4.1439583e-01   4.2349899e-01   4.2439883e-01   4.2573558e-01
   9.1000000e-01   4.2863287e-01   4.2681813e-01   4.2370425e-01   4.2610169e-01   4.2712149e-01
   9.2000000e-01   4.4655431e-01   4.2373512e-01   4.2308584e-01   4.2447347e-01   4.2585557e-01
   9.3000000e-01   4.1984929e-01   4.2955696e-01   4.2332701e-01   4.2698955e-01   4.2144735e-01
   9.4000000e-01   4.4177130e-01   4.1547167e-01   4.2164795e-01   4.2708130e-01   4.2185271e-01
   9.5000000e-01   4.1252782e-01   4.2478894e-01   4.2231749e-01   4.1683988e-01   4.2423606e-01
   9.6000000e-01   4.2473620e-01   4.3001656e-01   4.2292695e-01   4.2285938e-01   4.2743754e-01
   9.7000000e-01   4.4791563e-01   4.3104267e-01   4.2487895e-01   4.2273159e-01   4.2491100e-01
   9.8000000e-01   4.3580376e-01   4.2369708e-01   4.2453988e-01   4.2214977e-01   4.2098255e-01
   9.9000000e-01   4.3189874e-01   4.2841121e-01   4.2565713e-01   4.2280231e-01   4.2670961e-01
   1.0000000e+00   4.1162921e-01   4.1587924e-01   4.2351487e-01   4.3005629e-01   4.3041444e-01
