   1.0000000e-02
   2.0000000e-02
   3.0000000e-02
   4.0000000e-02
   5.0000000e-02
   6.0000000e-02
   7.0000000e-02
   8.0000000e-02
   9.0000000e-02
   1.0000000e-01
   1.1000000e-01
   1.2000000e-01
   1.3000000e-01
   1.4000000e-01
   1.5000000e-01
   1.6000000e-01
   1.7000000e-01
   1.8000000e-01
   1.9000000e-01
   2.0000000e-01
   2.1000000e-01
   2.2000000e-01
   2.3000000e-01
   2.4000000e-01
   2.5000000e-01
   2.6000000e-01
   2.7000000e-01
   2.8000000e-01
   2.9000000e-01
   3.0000000e-01
   3.1000000e-01
   3.2000000e-01
   3.3000000e-01
   3.4000000e-01
   3.5000000e-01
   3.6000000e-01
   3.7000000e-01
   3.8000000e-01
   3.9000000e-01
   4.0000000e-01
   4.1000000e-01
   4.2000000e-01
   4.3000000e-01
   4.4000000e-01
   4.5000000e-01
   4.6000000e-01
   4.7000000e-01
   4.8000000e-01
   4.9000000e-01
   5.0000000e-01
   5.1000000e-01
   5.2000000e-01
   5.3000000e-01
   5.4000000e-01
   5.5000000e-01
   5.6000000e-01
   5.7000000e-01
   5.8000000e-01
   5.9000000e-01
   6.0000000e-01
   6.1000000e-01
   6.2000000e-01
   6.3000000e-01
   6.4000000e-01
   6.5000000e-01
   6.6000000e-01
   6.7000000e-01
   6.8000000e-01
   6.9000000e-01
   7.0000000e-01
   7.1000000e-01
   7.2000000e-01
   7.3000000e-01
   7.4000000e-01
   7.5000000e-01
   7.6000000e-01
   7.7000000e-01
   7.8000000e-01
   7.9000000e-01
   8.0000000e-01
   8.1000000e-01
   8.2000000e-01
   8.3000000e-01
   8.4000000e-01
   8.5000000e-01
   8.6000000e-01
   8.7000000e-01
   8.8000000e-01
   8.9000000e-01
   9.0000000e-01
   9.1000000e-01
   9.2000000e-01
   9.3000000e-01
   9.4000000e-01
   9.5000000e-01
   9.6000000e-01
   9.7000000e-01
   9.8000000e-01
   9.9000000e-01
   1.0000000e+00
   1.2982369e+01   1.4927438e+01   1.6664724e+01   1.8859722e+01   2.0301350e+01
   1.2735806e+01   1.3404205e+01   1.5664096e+01   1.8091454e+01   1.9479079e+01
   1.3346434e+01   1.5122121e+01   1.6472548e+01   1.7213098e+01   1.8546143e+01
   1.2851920e+01   1.4584845e+01   1.5365943e+01   1.7519843e+01   1.8155148e+01
   1.2823351e+01   1.3914935e+01   1.4597471e+01   1.6217222e+01   1.7181281e+01
   1.2238769e+01   1.3318755e+01   1.3893304e+01   1.5172615e+01   1.6222204e+01
   1.1473652e+01   1.3457264e+01   1.4036672e+01   1.4241010e+01   1.6025670e+01
   1.1762847e+01   1.2499531e+01   1.3304771e+01   1.4514447e+01   1.5382834e+01
   1.1218242e+01   1.2441327e+01   1.2988333e+01   1.3571850e+01   1.5108052e+01
   1.1113600e+01   1.1734722e+01   1.2621980e+01   1.3317165e+01   1.4683624e+01
   1.0933438e+01   1.1627000e+01   1.1895933e+01   1.2880002e+01   1.3923769e+01
   1.0066810e+01   1.1564751e+01   1.2133279e+01   1.2555616e+01   1.3540931e+01
   1.0350409e+01   1.1156507e+01   1.1630928e+01   1.2129083e+01   1.3170985e+01
   9.9450139e+00   1.0925891e+01   1.1510612e+01   1.1583562e+01   1.2853053e+01
   9.3332415e+00   1.0671487e+01   1.0958263e+01   1.1335086e+01   1.2413237e+01
   9.6567437e+00   1.0198903e+01   1.0970319e+01   1.1128808e+01   1.2147457e+01
   8.8024531e+00   1.0325957e+01   1.0144868e+01   1.0508972e+01   1.1698915e+01
   8.6082398e+00   9.9913030e+00   1.0216361e+01   1.0360398e+01   1.1137933e+01
   9.1141754e+00   9.4136034e+00   9.7427145e+00   9.8881315e+00   1.0599883e+01
   8.6760088e+00   9.1095741e+00   9.3352260e+00   9.3883165e+00   1.0250527e+01
   8.6580345e+00   9.0238585e+00   8.9822444e+00   8.8895779e+00   9.8976823e+00
   7.7619056e+00   8.8556622e+00   8.9483359e+00   8.4078525e+00   9.4346161e+00
   7.6547844e+00   8.5926062e+00   8.3597942e+00   8.1626679e+00   8.9477480e+00
   7.7559471e+00   8.1209705e+00   8.1118847e+00   7.9251985e+00   8.5879431e+00
   7.3208766e+00   7.6726283e+00   7.8182200e+00   7.2954969e+00   8.2949326e+00
   7.2020916e+00   7.6409664e+00   7.5154462e+00   6.9297809e+00   7.8275666e+00
   6.8462243e+00   7.2895452e+00   7.2086712e+00   6.8022787e+00   7.4610748e+00
   6.9949411e+00   7.0035780e+00   6.8900672e+00   6.3760903e+00   7.0516453e+00
   6.4437570e+00   6.7144434e+00   6.6066375e+00   6.0937722e+00   6.7042846e+00
   6.2143922e+00   6.4121474e+00   6.2356457e+00   5.7683734e+00   6.4007024e+00
   6.0116228e+00   6.1071837e+00   5.9957553e+00   5.4893521e+00   5.9819442e+00
   5.6083024e+00   5.8961981e+00   5.7403012e+00   5.1084237e+00   5.5441903e+00
   5.8213345e+00   5.6487040e+00   5.4092512e+00   4.8596794e+00   5.2245627e+00
   5.5006338e+00   5.3543859e+00   5.0791424e+00   4.4670279e+00   4.9105314e+00
   5.1355755e+00   5.2402112e+00   4.9392482e+00   4.2950124e+00   4.5955083e+00
   4.7229249e+00   4.9073059e+00   4.6336721e+00   4.0307369e+00   4.3422067e+00
   4.7949617e+00   4.5148243e+00   4.3474328e+00   3.8080707e+00   4.0670577e+00
   4.3422306e+00   4.4832772e+00   4.0790473e+00   3.6090932e+00   3.8108032e+00
   4.4472922e+00   4.1656285e+00   3.7679292e+00   3.3916141e+00   3.5603307e+00
   4.0517194e+00   3.9911347e+00   3.6335667e+00   3.1596843e+00   3.3248197e+00
   3.8578071e+00   3.7130568e+00   3.3810916e+00   2.9963904e+00   3.1081481e+00
   3.6230603e+00   3.4944768e+00   3.1687554e+00   2.8260587e+00   2.9298319e+00
   3.3426950e+00   3.3413725e+00   3.0038955e+00   2.6528008e+00   2.7525179e+00
   3.2528724e+00   3.1338561e+00   2.8428791e+00   2.4970815e+00   2.6052579e+00
   3.1400892e+00   2.9016915e+00   2.6686344e+00   2.3910874e+00   2.4389791e+00
   2.9478701e+00   2.7327505e+00   2.5077684e+00   2.2449313e+00   2.3148167e+00
   2.6942644e+00   2.5743593e+00   2.3463403e+00   2.1351588e+00   2.1869968e+00
   2.5907207e+00   2.4822477e+00   2.2004139e+00   2.0248819e+00   2.0825807e+00
   2.4192480e+00   2.3466747e+00   2.0977695e+00   1.9229617e+00   1.9735989e+00
   2.1869925e+00   2.1836708e+00   1.9976573e+00   1.8433782e+00   1.8929830e+00
   2.0645377e+00   2.0520880e+00   1.9101461e+00   1.7744560e+00   1.8139020e+00
   2.0502121e+00   1.9548911e+00   1.8058224e+00   1.7022494e+00   1.7417922e+00
   1.8796243e+00   1.8517181e+00   1.7320463e+00   1.6346944e+00   1.6746818e+00
   1.7995251e+00   1.7759474e+00   1.6563515e+00   1.5799439e+00   1.6159104e+00
   1.7332373e+00   1.6892774e+00   1.6013050e+00   1.5312820e+00   1.5691691e+00
   1.6327052e+00   1.6329132e+00   1.5426382e+00   1.4881480e+00   1.5221691e+00
   1.5800884e+00   1.5712587e+00   1.4959177e+00   1.4484843e+00   1.4843845e+00
   1.5026899e+00   1.5132099e+00   1.4511263e+00   1.4185302e+00   1.4504957e+00
   1.4730983e+00   1.4629906e+00   1.4182460e+00   1.3895796e+00   1.4222041e+00
   1.4180419e+00   1.4255868e+00   1.3874376e+00   1.3641324e+00   1.3941623e+00
   1.3937605e+00   1.3850406e+00   1.3575274e+00   1.3432764e+00   1.3723635e+00
   1.3656043e+00   1.3572443e+00   1.3346509e+00   1.3251076e+00   1.3556252e+00
   1.3308003e+00   1.3372062e+00   1.3190253e+00   1.3128171e+00   1.3400442e+00
   1.3010743e+00   1.3184812e+00   1.3038140e+00   1.3007942e+00   1.3280414e+00
   1.2893942e+00   1.3000603e+00   1.2918018e+00   1.2923578e+00   1.3181283e+00
   1.2784436e+00   1.2861269e+00   1.2795396e+00   1.2845878e+00   1.3102253e+00
   1.2580128e+00   1.2754261e+00   1.2716179e+00   1.2796590e+00   1.3055292e+00
   1.2507436e+00   1.2639649e+00   1.2687541e+00   1.2777871e+00   1.3019612e+00
   1.2508235e+00   1.2630227e+00   1.2665978e+00   1.2752644e+00   1.2996926e+00
   1.2494670e+00   1.2580256e+00   1.2641780e+00   1.2759932e+00   1.2990335e+00
   1.2395325e+00   1.2554669e+00   1.2627947e+00   1.2770743e+00   1.3001260e+00
   1.2393344e+00   1.2530584e+00   1.2636185e+00   1.2786732e+00   1.3011299e+00
   1.2404509e+00   1.2547602e+00   1.2663498e+00   1.2813387e+00   1.3030121e+00
   1.2428195e+00   1.2571313e+00   1.2687600e+00   1.2837610e+00   1.3059014e+00
   1.2477852e+00   1.2573519e+00   1.2722348e+00   1.2880467e+00   1.3092830e+00
   1.2532793e+00   1.2633588e+00   1.2767517e+00   1.2915975e+00   1.3122375e+00
   1.2569638e+00   1.2654926e+00   1.2803061e+00   1.2959958e+00   1.3143975e+00
   1.2623469e+00   1.2693944e+00   1.2838885e+00   1.2988958e+00   1.3172683e+00
   1.2675630e+00   1.2735466e+00   1.2876305e+00   1.3015435e+00   1.3197242e+00
   1.2751563e+00   1.2809201e+00   1.2919016e+00   1.3039254e+00   1.3216708e+00
   1.2781911e+00   1.2846326e+00   1.2965822e+00   1.3072964e+00   1.3215046e+00
   1.2920465e+00   1.2854561e+00   1.2991060e+00   1.3093737e+00   1.3214124e+00
   1.2970943e+00   1.2915858e+00   1.3008293e+00   1.3105130e+00   1.3218019e+00
   1.3081916e+00   1.2968185e+00   1.3033217e+00   1.3093086e+00   1.3197796e+00
   1.3096498e+00   1.3060258e+00   1.3076141e+00   1.3102951e+00   1.3185602e+00
   1.3133204e+00   1.3056912e+00   1.3129461e+00   1.3129845e+00   1.3152741e+00
   1.3229975e+00   1.3143854e+00   1.3131914e+00   1.3159618e+00   1.3165746e+00
   1.3459855e+00   1.3191486e+00   1.3219874e+00   1.3194044e+00   1.3172313e+00
   1.3615704e+00   1.3392294e+00   1.3335364e+00   1.3293520e+00   1.3255802e+00
   1.3822738e+00   1.3493867e+00   1.3486610e+00   1.3449980e+00   1.3337642e+00
   1.3835225e+00   1.3967872e+00   1.3703568e+00   1.3704486e+00   1.3622050e+00
   1.4388153e+00   1.3702154e+00   1.4192617e+00   1.4015190e+00   1.3949699e+00
   1.4285521e+00   1.4550677e+00   1.4271977e+00   1.4185959e+00   1.4043964e+00
   1.4431603e+00   1.3623869e+00   1.4011491e+00   1.4507212e+00   1.4490387e+00
   1.5122253e+00   1.4891386e+00   1.4735824e+00   1.3920266e+00   1.3540147e+00
   1.4536867e+00   1.3453486e+00   1.3465260e+00   1.3941705e+00   1.4121058e+00
   1.5440177e+00   1.4784723e+00   1.4255317e+00   1.3777431e+00   1.3272466e+00
   1.3752975e+00   1.3062830e+00   1.3269188e+00   1.3130894e+00   1.3270442e+00
   1.3049773e+00   1.2778353e+00   1.2528733e+00   1.2293308e+00   1.2083845e+00
   1.0982469e+00   1.0853316e+00   1.0758200e+00   1.0684569e+00   1.0620777e+00
