   5.0000000e-03
   1.5000000e-02
   2.5000000e-02
   3.5000000e-02
   4.5000000e-02
   5.5000000e-02
   6.5000000e-02
   7.5000000e-02
   8.5000000e-02
   9.5000000e-02
   1.0500000e-01
   1.1500000e-01
   1.2500000e-01
   1.3500000e-01
   1.4500000e-01
   1.5500000e-01
   1.6500000e-01
   1.7500000e-01
   1.8500000e-01
   1.9500000e-01
   2.0500000e-01
   2.1500000e-01
   2.2500000e-01
   2.3500000e-01
   2.4500000e-01
   2.5500000e-01
   2.6500000e-01
   2.7500000e-01
   2.8500000e-01
   2.9500000e-01
   3.0500000e-01
   3.1500000e-01
   3.2500000e-01
   3.3500000e-01
   3.4500000e-01
   3.5500000e-01
   3.6500000e-01
   3.7500000e-01
   3.8500000e-01
   3.9500000e-01
   4.0500000e-01
   4.1500000e-01
   4.2500000e-01
   4.3500000e-01
   4.4500000e-01
   4.5500000e-01
   4.6500000e-01
   4.7500000e-01
   4.8500000e-01
   4.9500000e-01
   5.0500000e-01
   5.1500000e-01
   5.2500000e-01
   5.3500000e-01
   5.4500000e-01
   5.5500000e-01
   5.6500000e-01
   5.7500000e-01
   5.8500000e-01
   5.9500000e-01
   6.0500000e-01
   6.1500000e-01
   6.2500000e-01
   6.3500000e-01
   6.4500000e-01
   6.5500000e-01
   6.6500000e-01
   6.7500000e-01
   6.8500000e-01
   6.9500000e-01
   7.0500000e-01
   7.1500000e-01
   7.2500000e-01
   7.3500000e-01
   7.4500000e-01
   7.5500000e-01
   7.6500000e-01
   7.7500000e-01
   7.8500000e-01
   7.9500000e-01
   8.0500000e-01
   8.1500000e-01
   8.2500000e-01
   8.3500000e-01
   8.4500000e-01
   8.5500000e-01
   8.6500000e-01
   8.7500000e-01
   8.8500000e-01
   8.9500000e-01
   9.0500000e-01
   9.1500000e-01
   9.2500000e-01
   9.3500000e-01
   9.4500000e-01
   9.5500000e-01
   9.6500000e-01
   9.7500000e-01
   9.8500000e-01
   9.9500000e-01
   1.3788067e+00
   1.4307936e+00
   1.4250669e+00
   1.4326157e+00
   1.4211994e+00
   1.3884008e+00
   1.3955035e+00
   1.4187079e+00
   1.4501678e+00
   1.3691381e+00
   1.3754970e+00
   1.3860581e+00
   1.3465658e+00
   1.3576475e+00
   1.3547469e+00
   1.3473096e+00
   1.3490945e+00
   1.3310218e+00
   1.3163331e+00
   1.3169653e+00
   1.2874762e+00
   1.2902281e+00
   1.2515539e+00
   1.2944673e+00
   1.2074134e+00
   1.2380552e+00
   1.2097933e+00
   1.2604044e+00
   1.1750610e+00
   1.1808621e+00
   1.1873326e+00
   1.1269415e+00
   1.1730529e+00
   1.1625663e+00
   1.1456464e+00
   1.1496625e+00
   1.1493650e+00
   1.1614135e+00
   1.0754008e+00
   1.0662529e+00
   1.0727977e+00
   1.0622367e+00
   1.0725002e+00
   1.0239716e+00
   1.0677403e+00
   1.0039652e+00
   1.0180961e+00
   1.0510063e+00
   1.0053039e+00
   9.9068958e-01
   9.6413831e-01
   9.6142368e-01
   9.8563219e-01
   9.4398314e-01
   9.5848594e-01
   9.2449734e-01
   9.0876739e-01
   8.9240526e-01
   9.3650863e-01
   9.1170513e-01
   8.6105691e-01
   8.8214174e-01
   8.4718629e-01
   8.1721385e-01
   8.5852822e-01
   8.8641821e-01
   8.2922514e-01
   8.3919116e-01
   8.0624379e-01
   8.2208530e-01
   7.8571676e-01
   8.1234240e-01
   7.6820184e-01
   7.6206605e-01
   7.4179932e-01
   7.2893274e-01
   7.0993036e-01
   7.1312841e-01
   7.3737411e-01
   6.9970403e-01
   7.2696185e-01
   7.2707341e-01
   6.9977840e-01
   6.6642198e-01
   7.0498454e-01
   7.0212116e-01
   6.4213910e-01
   6.3544550e-01
   6.6251738e-01
   6.7341307e-01
   6.3711890e-01
   6.2763630e-01
   6.2469856e-01
   6.1287320e-01
   6.1774465e-01
   5.9480049e-01
   6.1454660e-01
   6.4054007e-01
   5.6810047e-01
   5.7215382e-01
   3.6557070e-02
   1.0855212e-01
   1.9472235e-01
   2.5328827e-01
   3.1446541e-01
   3.7601558e-01
   4.3197028e-01
   4.8158344e-01
   5.1030686e-01
   5.6141215e-01
   6.1363653e-01
   6.8675067e-01
   7.4084022e-01
   7.8597701e-01
   7.5576147e-01
   8.2402620e-01
   8.9863247e-01
   9.4787260e-01
   9.2250647e-01
   9.8592180e-01
   1.0161373e+00
   9.8965211e-01
   1.0396383e+00
   1.0426226e+00
   1.1060379e+00
   1.0575438e+00
   1.1273007e+00
   1.0914897e+00
   1.1672150e+00
   1.1690802e+00
   1.1377455e+00
   1.2257809e+00
   1.2369719e+00
   1.2642032e+00
   1.2757671e+00
   1.2097406e+00
   1.2373449e+00
   1.2369719e+00
   1.2787514e+00
   1.2239158e+00
   1.2824817e+00
   1.1784060e+00
   1.2877041e+00
   1.1858666e+00
   1.2116058e+00
   1.2932996e+00
   1.3022524e+00
   1.2407022e+00
   1.2664414e+00
   1.2559965e+00
   1.2619650e+00
   1.2731559e+00
   1.2261540e+00
   1.3682789e+00
   1.2399561e+00
   1.1481904e+00
   1.1638577e+00
   1.2078754e+00
   1.2037721e+00
   1.1679611e+00
   1.2071294e+00
   1.2280191e+00
   1.1496826e+00
   1.1299119e+00
   1.1922081e+00
   1.1664690e+00
   1.0959660e+00
   1.1687071e+00
   1.1776599e+00
   1.1258085e+00
   1.0799257e+00
   1.1351343e+00
   1.0545596e+00
   1.0541865e+00
   1.1534129e+00
   1.0038273e+00
   1.0564247e+00
   1.0463529e+00
   1.0564247e+00
   1.0258361e+00
   1.0030812e+00
   9.8741392e-01
   9.6353992e-01
   9.9823183e-01
   9.6764326e-01
   8.7401240e-01
   9.6167476e-01
   9.5645232e-01
   9.0683916e-01
   9.2847497e-01
   9.6204779e-01
   9.1056947e-01
   9.2064132e-01
   9.0049762e-01
   8.7998090e-01
   8.5871812e-01
   8.8744153e-01
   8.4006655e-01
   8.3409805e-01
   8.2029589e-01
