   0.0000000e+00   1.0000000e+00   1.0000000e+00   1.0000000e+00   1.0000000e+00   1.0000000e+00
   1.0000000e+01   3.6706146e-01   3.5522481e-01   3.3438316e-01   3.0537893e-01   2.8143729e-01
   2.0000000e+01   1.9024800e-01   2.0454529e-01   2.0242940e-01   1.9660368e-01   1.9781082e-01
   3.0000000e+01   1.6351032e-01   1.7937680e-01   1.6723722e-01   1.8758789e-01   1.8409139e-01
   4.0000000e+01   2.2365736e-01   2.3365575e-01   2.2475819e-01   2.2614171e-01   2.4280201e-01
   5.0000000e+01   3.2464786e-01   3.4589697e-01   3.3685030e-01   3.0905876e-01   3.0085776e-01
   6.0000000e+01   3.7871917e-01   3.5898901e-01   3.4928763e-01   3.1025841e-01   3.0452490e-01
   7.0000000e+01   3.3403732e-01   3.4607706e-01   3.1342383e-01   2.8082095e-01   2.6354825e-01
   8.0000000e+01   2.5830499e-01   2.7549848e-01   2.7663659e-01   2.8238307e-01   2.4712178e-01
   9.0000000e+01   1.8887590e-01   2.0446214e-01   2.6826522e-01   2.8565098e-01   2.7214036e-01
   1.0000000e+02   2.3647266e-01   2.6051329e-01   2.4447073e-01   2.5199815e-01   2.8191867e-01
   1.1000000e+02   2.8582006e-01   3.4366644e-01   2.9972046e-01   2.8242771e-01   2.9123940e-01
   1.2000000e+02   3.4776017e-01   3.7272406e-01   3.2973322e-01   2.9065170e-01   2.8228168e-01
   1.3000000e+02   3.6632470e-01   3.5421944e-01   3.0648866e-01   3.0555046e-01   2.5382976e-01
   1.4000000e+02   3.3412366e-01   2.8249500e-01   2.7622520e-01   3.1707913e-01   2.5085084e-01
   1.5000000e+02   2.4125346e-01   2.3955387e-01   2.5422634e-01   2.7146186e-01   2.7454939e-01
   1.6000000e+02   2.0579532e-01   2.3432627e-01   2.3507086e-01   2.5261008e-01   2.5847447e-01
   1.7000000e+02   2.0906873e-01   2.8231395e-01   2.7329711e-01   2.6374451e-01   2.7711940e-01
   1.8000000e+02   2.6200479e-01   3.3183943e-01   2.9869250e-01   2.7927401e-01   2.7336777e-01
   1.9000000e+02   3.7096733e-01   3.6050285e-01   3.1200997e-01   2.9481664e-01   2.5713635e-01
   2.0000000e+02   3.8711018e-01   3.3044353e-01   3.1817114e-01   3.3717542e-01   2.8946029e-01
   2.1000000e+02   3.1542997e-01   2.7263214e-01   2.6748004e-01   3.1496669e-01   3.1050125e-01
   2.2000000e+02   2.3548235e-01   2.8010529e-01   2.5899896e-01   2.5797783e-01   2.7635530e-01
   2.3000000e+02   2.3474099e-01   2.8934218e-01   2.6689544e-01   2.4514609e-01   2.5484876e-01
   2.4000000e+02   2.8807645e-01   3.0317535e-01   2.8970909e-01   2.5776314e-01   2.4171674e-01
   2.5000000e+02   4.0309349e-01   3.2668590e-01   2.8922575e-01   2.7710859e-01   2.5448031e-01
   2.6000000e+02   3.9241846e-01   3.0769599e-01   2.8708464e-01   2.8664024e-01   3.0577244e-01
   2.7000000e+02   2.8202026e-01   2.8397622e-01   2.6288866e-01   2.8392011e-01   2.9409991e-01
   2.8000000e+02   2.0314869e-01   2.9811628e-01   2.7484951e-01   2.9376072e-01   2.6964262e-01
   2.9000000e+02   2.1401758e-01   2.7237091e-01   3.0198450e-01   3.0016588e-01   2.5518385e-01
   3.0000000e+02   2.7310857e-01   3.2462869e-01   3.1021258e-01   3.0453650e-01   2.7701954e-01
   3.1000000e+02   3.5582940e-01   3.6459003e-01   3.4487180e-01   2.7028125e-01   2.9387907e-01
   3.2000000e+02   4.2498481e-01   3.4749730e-01   3.0604522e-01   2.8123787e-01   2.8323049e-01
   3.3000000e+02   3.8302816e-01   3.3696673e-01   2.5053812e-01   2.6418487e-01   2.4912538e-01
   3.4000000e+02   2.6501040e-01   2.7797687e-01   2.2744444e-01   2.5920179e-01   2.5474220e-01
   3.5000000e+02   2.0462372e-01   2.2437234e-01   2.5598625e-01   2.7981150e-01   2.9626553e-01
   3.6000000e+02   2.3637857e-01   2.5488839e-01   3.0028389e-01   2.8303795e-01   2.8352777e-01
   3.7000000e+02   2.7714351e-01   3.0773915e-01   3.2430592e-01   2.9784683e-01   3.0447939e-01
   3.8000000e+02   3.4572410e-01   3.4896236e-01   3.1229959e-01   3.0436653e-01   3.1601086e-01
   3.9000000e+02   3.4422073e-01   3.5679022e-01   2.9236568e-01   2.9168802e-01   2.7774692e-01
   4.0000000e+02   2.5544439e-01   2.9187252e-01   2.8132055e-01   2.8619980e-01   2.3802904e-01
   4.1000000e+02   2.0092438e-01   2.4832227e-01   2.8199357e-01   2.9748180e-01   2.4019407e-01
   4.2000000e+02   2.3254502e-01   2.5236721e-01   2.7079585e-01   2.6228330e-01   2.5863104e-01
   4.3000000e+02   3.3547750e-01   3.2016677e-01   2.7938235e-01   2.5186240e-01   2.8044863e-01
   4.4000000e+02   3.3994005e-01   3.7395130e-01   2.9486812e-01   2.7942383e-01   2.8424349e-01
   4.5000000e+02   3.9226468e-01   3.5874894e-01   2.9004555e-01   2.7072635e-01   2.8593275e-01
   4.6000000e+02   4.1141085e-01   3.0104913e-01   2.9631665e-01   2.9504277e-01   2.9705272e-01
   4.7000000e+02   2.6418908e-01   2.2218853e-01   2.8416399e-01   3.1510685e-01   2.9587761e-01
   4.8000000e+02   2.2517226e-01   2.1901721e-01   2.7670644e-01   2.8214217e-01   2.7121883e-01
   4.9000000e+02   2.4060188e-01   2.9364949e-01   2.7102234e-01   2.8643711e-01   2.3619162e-01
   5.0000000e+02   3.0409975e-01   3.7630489e-01   2.8714025e-01   2.9168027e-01   2.6348301e-01
   5.1000000e+02   3.5988502e-01   3.7682006e-01   3.0872688e-01   2.6983498e-01   2.7006231e-01
   5.2000000e+02   3.5513214e-01   3.0345082e-01   2.9461456e-01   2.9144826e-01   2.6978264e-01
   5.3000000e+02   3.1429956e-01   2.6456910e-01   2.8697452e-01   2.7971869e-01   2.6151103e-01
   5.4000000e+02   2.4254800e-01   2.3651080e-01   2.4880854e-01   2.6027634e-01   2.6248298e-01
   5.5000000e+02   2.4683437e-01   2.4402847e-01   2.4958548e-01   2.9714019e-01   2.7296591e-01
   5.6000000e+02   2.6420333e-01   3.0577170e-01   2.9596797e-01   3.0556717e-01   2.9804940e-01
   5.7000000e+02   3.6204049e-01   3.3642006e-01   2.9364932e-01   3.0955961e-01   2.7939143e-01
   5.8000000e+02   3.8404633e-01   3.0226853e-01   2.9007139e-01   2.8789201e-01   2.6690399e-01
   5.9000000e+02   3.2350532e-01   2.7246792e-01   2.7751198e-01   2.6125335e-01   2.6891317e-01
   6.0000000e+02   2.4104592e-01   2.7768852e-01   3.0459829e-01   2.7720853e-01   2.4978917e-01
   6.1000000e+02   1.7889694e-01   3.2454219e-01   2.8634316e-01   3.1508679e-01   2.7947897e-01
   6.2000000e+02   2.2185019e-01   3.2509529e-01   2.7216187e-01   2.8595680e-01   2.6702494e-01
   6.3000000e+02   3.0013647e-01   3.3246085e-01   2.8353997e-01   2.4621902e-01   2.7704985e-01
   6.4000000e+02   3.4990487e-01   3.3017948e-01   2.9852768e-01   2.5532433e-01   2.7170536e-01
   6.5000000e+02   3.7099336e-01   3.0200443e-01   3.2122423e-01   2.9157309e-01   2.7735855e-01
   6.6000000e+02   3.1646373e-01   2.7619971e-01   2.8587804e-01   2.9798579e-01   2.5652465e-01
   6.7000000e+02   2.3714931e-01   2.4987879e-01   2.7167829e-01   3.1782994e-01   3.0451478e-01
   6.8000000e+02   2.5206651e-01   2.6909496e-01   2.8882468e-01   3.1827825e-01   2.8964052e-01
   6.9000000e+02   3.2343782e-01   3.3405422e-01   3.0903573e-01   3.0327377e-01   2.6973662e-01
   7.0000000e+02   3.4412165e-01   3.6009672e-01   3.1192434e-01   2.6925478e-01   2.4760566e-01
   7.1000000e+02   3.2093524e-01   3.1620197e-01   3.2529767e-01   2.5180225e-01   2.6247464e-01
   7.2000000e+02   2.9861341e-01   2.7522968e-01   2.8575109e-01   2.5279381e-01   2.9525410e-01
   7.3000000e+02   2.4718131e-01   2.6961218e-01   2.7421084e-01   2.7755013e-01   3.0767024e-01
   7.4000000e+02   2.6234074e-01   3.0180662e-01   2.5892557e-01   2.9743422e-01   2.8653410e-01
   7.5000000e+02   3.1855465e-01   3.3368630e-01   2.9728237e-01   2.8720499e-01   2.7387921e-01
   7.6000000e+02   3.4857301e-01   3.5041097e-01   3.1766251e-01   3.0048543e-01   2.7853269e-01
   7.7000000e+02   3.5046692e-01   3.0033707e-01   3.0406292e-01   2.9734718e-01   2.6660562e-01
   7.8000000e+02   3.1257731e-01   2.2944221e-01   2.7857733e-01   2.6684992e-01   2.6020337e-01
   7.9000000e+02   3.0854154e-01   2.1122546e-01   2.5762566e-01   2.8360488e-01   2.6082502e-01
   8.0000000e+02   2.6327567e-01   2.7243024e-01   2.8571378e-01   2.5535233e-01   2.5954925e-01
   8.1000000e+02   2.5808524e-01   3.5720925e-01   2.8627202e-01   2.7110199e-01   2.7838040e-01
   8.2000000e+02   2.8021157e-01   3.5206689e-01   3.2561724e-01   2.8633393e-01   2.9189249e-01
   8.3000000e+02   3.0370046e-01   3.2824084e-01   3.1066557e-01   2.8339743e-01   2.8762778e-01
   8.4000000e+02   2.9056716e-01   2.8189069e-01   2.7434879e-01   2.7470628e-01   2.6733922e-01
   8.5000000e+02   2.6642073e-01   2.4042897e-01   2.5234884e-01   2.7705335e-01   2.7689040e-01
   8.6000000e+02   2.5526009e-01   2.5091203e-01   2.6860652e-01   2.8086325e-01   2.5327518e-01
   8.7000000e+02   2.8944704e-01   3.0010383e-01   2.8278530e-01   3.0365193e-01   2.4272237e-01
   8.8000000e+02   3.3242603e-01   3.5071320e-01   3.2864990e-01   3.0348381e-01   2.6601021e-01
   8.9000000e+02   3.2861705e-01   3.4124433e-01   3.3026113e-01   2.8190148e-01   2.7104898e-01
   9.0000000e+02   3.2597592e-01   2.9764052e-01   2.9435057e-01   2.7940908e-01   2.6810187e-01
   9.1000000e+02   3.1555324e-01   2.5783294e-01   2.6890646e-01   2.5482466e-01   2.7634359e-01
   9.2000000e+02   2.7063623e-01   2.5545559e-01   2.4216119e-01   2.4985534e-01   2.7583406e-01
   9.3000000e+02   2.4343216e-01   3.1740124e-01   2.6497182e-01   2.7810674e-01   2.9093018e-01
   9.4000000e+02   2.5760225e-01   3.8287278e-01   3.0130312e-01   2.8208996e-01   2.9245064e-01
   9.5000000e+02   2.8688639e-01   3.5589636e-01   3.0554529e-01   3.0892888e-01   2.7721121e-01
   9.6000000e+02   3.4399286e-01   2.9461868e-01   2.8422982e-01   3.1373598e-01   2.5313053e-01
   9.7000000e+02   3.3014541e-01   2.4523482e-01   2.6644480e-01   2.7425577e-01   2.5637495e-01
   9.8000000e+02   3.3767171e-01   2.6304656e-01   2.6138523e-01   2.6133932e-01   2.6182985e-01
   9.9000000e+02   3.0993056e-01   3.1482960e-01   2.8796252e-01   2.4955866e-01   2.8995345e-01
   1.0000000e+03   2.6506732e-01   3.3258373e-01   3.2042475e-01   2.5403103e-01   2.7312207e-01
   1.0100000e+03   3.2255507e-01   3.2702746e-01   3.2147346e-01   2.8666303e-01   2.6292688e-01
   1.0200000e+03   3.5642122e-01   2.9791565e-01   2.9719053e-01   3.3189743e-01   2.9503936e-01
   1.0300000e+03   3.3070226e-01   2.7460351e-01   2.6824619e-01   3.2235648e-01   2.9554485e-01
   1.0400000e+03   2.9364202e-01   2.9403691e-01   2.5659658e-01   2.8135531e-01   2.7881348e-01
   1.0500000e+03   2.1421523e-01   3.1592145e-01   2.6138468e-01   2.4460779e-01   2.7083573e-01
   1.0600000e+03   2.4219749e-01   3.2008538e-01   2.9128908e-01   2.5422899e-01   2.7441256e-01
   1.0700000e+03   2.5988888e-01   2.7340514e-01   2.9342201e-01   2.9911089e-01   2.6822410e-01
   1.0800000e+03   3.4110866e-01   2.7740155e-01   2.9979817e-01   3.2005733e-01   2.7923438e-01
   1.0900000e+03   3.4119905e-01   3.0137239e-01   2.9235532e-01   3.1278525e-01   2.9031606e-01
   1.1000000e+03   2.5025629e-01   2.9328140e-01   2.5754755e-01   2.7484591e-01   2.8505444e-01
   1.1100000e+03   2.7507874e-01   3.0345709e-01   2.6704541e-01   2.4351659e-01   2.7431514e-01
   1.1200000e+03   3.1747823e-01   2.9992780e-01   3.0914662e-01   2.4265313e-01   2.6769647e-01
   1.1300000e+03   2.9744775e-01   3.2282907e-01   2.9733270e-01   2.8797790e-01   2.6697371e-01
   1.1400000e+03   2.8073115e-01   3.4405665e-01   2.9872276e-01   3.2434527e-01   2.7609771e-01
   1.1500000e+03   3.1986520e-01   3.3546225e-01   2.8003060e-01   3.2321195e-01   2.6937638e-01
   1.1600000e+03   2.8786964e-01   2.8621938e-01   2.9534413e-01   2.8149660e-01   2.6730483e-01
   1.1700000e+03   2.7171190e-01   2.4622396e-01   2.9459025e-01   2.5693783e-01   2.8363923e-01
   1.1800000e+03   3.1397952e-01   2.7331537e-01   2.8959667e-01   2.7055075e-01   2.8453695e-01
   1.1900000e+03   3.0411681e-01   3.1527837e-01   2.8700277e-01   2.7317063e-01   2.6055517e-01
   1.2000000e+03   2.9902668e-01   3.3613175e-01   2.8298674e-01   2.9826608e-01   2.7563233e-01
   1.2100000e+03   2.9307212e-01   3.3681110e-01   2.8838976e-01   2.8708045e-01   2.9073526e-01
   1.2200000e+03   3.1121163e-01   2.9841907e-01   2.7890482e-01   2.8454305e-01   2.6123509e-01
   1.2300000e+03   3.3557038e-01   2.6039776e-01   2.6461434e-01   2.8849814e-01   2.5356054e-01
   1.2400000e+03   3.0823822e-01   2.6504948e-01   2.6688050e-01   2.8259878e-01   2.5971526e-01
   1.2500000e+03   2.9540049e-01   3.2264707e-01   2.8162088e-01   2.9502604e-01   2.6361208e-01
   1.2600000e+03   2.6704169e-01   3.6439193e-01   2.9938471e-01   2.8385403e-01   2.7576489e-01
   1.2700000e+03   2.7296870e-01   3.5183341e-01   3.0577864e-01   2.7516647e-01   2.8263997e-01
   1.2800000e+03   2.5930534e-01   2.9931913e-01   2.9106217e-01   2.9488288e-01   2.9250636e-01
   1.2900000e+03   2.8589573e-01   2.4997360e-01   3.0493448e-01   2.8485247e-01   2.9780728e-01
   1.3000000e+03   2.9635903e-01   2.3950979e-01   3.0183961e-01   2.7513073e-01   2.7622039e-01
   1.3100000e+03   3.0765595e-01   2.8628918e-01   2.6855753e-01   2.8470580e-01   2.6755820e-01
   1.3200000e+03   3.0545823e-01   3.4940901e-01   2.7077964e-01   2.7771103e-01   2.5812863e-01
   1.3300000e+03   3.3962301e-01   3.6631066e-01   2.8951922e-01   2.9057190e-01   2.6400499e-01
   1.3400000e+03   3.1355667e-01   3.3169149e-01   3.0059407e-01   2.8247066e-01   2.7217366e-01
   1.3500000e+03   2.8816650e-01   2.7164963e-01   3.0227510e-01   2.9657290e-01   2.6277194e-01
   1.3600000e+03   2.7973634e-01   2.4399620e-01   2.9270424e-01   2.6571736e-01   2.7194380e-01
   1.3700000e+03   2.6922636e-01   2.8916180e-01   2.6635766e-01   2.6815113e-01   2.6927795e-01
   1.3800000e+03   2.8865878e-01   3.2766027e-01   2.7791214e-01   2.7804247e-01   2.9753939e-01
   1.3900000e+03   3.0009214e-01   3.5280568e-01   3.1003685e-01   2.9153559e-01   2.9635945e-01
   1.4000000e+03   3.1136282e-01   3.1897693e-01   3.1629391e-01   3.1831740e-01   2.9576823e-01
   1.4100000e+03   2.9771902e-01   2.6628055e-01   3.1725670e-01   2.8953103e-01   2.6595695e-01
   1.4200000e+03   2.4979263e-01   2.6544141e-01   2.6773473e-01   2.8350836e-01   2.6494484e-01
   1.4300000e+03   2.7700935e-01   2.9086729e-01   2.3977125e-01   2.7943854e-01   2.5382577e-01
   1.4400000e+03   3.4311476e-01   3.4022626e-01   2.5375741e-01   2.7573429e-01   2.8961090e-01
   1.4500000e+03   3.9578482e-01   3.7137039e-01   3.2221132e-01   2.9224627e-01   2.8825986e-01
   1.4600000e+03   3.3905572e-01   3.1647448e-01   3.2631873e-01   2.9205636e-01   2.6683079e-01
   1.4700000e+03   2.7127668e-01   2.8103730e-01   3.4518877e-01   2.6564413e-01   2.6839301e-01
   1.4800000e+03   2.5919205e-01   2.7693088e-01   2.8488853e-01   2.9492193e-01   2.7132470e-01
   1.4900000e+03   2.8591287e-01   2.7933857e-01   2.4191747e-01   2.8510773e-01   2.8234403e-01
   1.5000000e+03   3.2503169e-01   2.9941829e-01   2.5822116e-01   2.7060591e-01   2.7301039e-01
   1.5100000e+03   3.2451387e-01   3.1746274e-01   2.8427479e-01   2.6622910e-01   2.6747825e-01
   1.5200000e+03   2.6353561e-01   3.3377226e-01   3.2338783e-01   2.8484830e-01   2.7371977e-01
   1.5300000e+03   2.2729909e-01   2.7980407e-01   3.3261028e-01   2.9818825e-01   2.6745417e-01
   1.5400000e+03   3.1125160e-01   2.6624747e-01   2.8728770e-01   2.9087781e-01   2.6496119e-01
   1.5500000e+03   3.3271828e-01   3.0151034e-01   2.4743113e-01   3.0737305e-01   2.8676981e-01
   1.5600000e+03   3.2449495e-01   3.2384289e-01   2.5141320e-01   2.7368693e-01   2.9870757e-01
   1.5700000e+03   3.1546404e-01   3.6113131e-01   3.0012445e-01   2.6674015e-01   2.7727363e-01
   1.5800000e+03   2.9556964e-01   3.4241711e-01   3.2457978e-01   2.8422096e-01   2.6026424e-01
   1.5900000e+03   2.4304208e-01   3.1107698e-01   3.2037139e-01   2.7888570e-01   2.6131565e-01
   1.6000000e+03   2.2651112e-01   2.6497728e-01   2.7560265e-01   2.9528721e-01   2.7626360e-01
   1.6100000e+03   3.1653322e-01   2.6551540e-01   2.6190739e-01   2.8388029e-01   2.6727269e-01
   1.6200000e+03   3.1143989e-01   2.9913540e-01   2.6003879e-01   2.6350512e-01   2.6301559e-01
   1.6300000e+03   2.9306095e-01   3.2070984e-01   2.6146077e-01   2.9142024e-01   2.8155787e-01
   1.6400000e+03   2.7259960e-01   3.4279511e-01   2.9861420e-01   3.0206379e-01   2.8866199e-01
   1.6500000e+03   3.1016483e-01   3.4199270e-01   3.1209791e-01   2.7737597e-01   2.8886971e-01
   1.6600000e+03   3.3498658e-01   2.9335531e-01   2.9293850e-01   2.7306335e-01   2.7687904e-01
   1.6700000e+03   2.8595373e-01   2.5644970e-01   2.9318430e-01   2.6084368e-01   2.6509976e-01
   1.6800000e+03   2.8489627e-01   2.5708916e-01   2.8153930e-01   2.9405802e-01   2.7429451e-01
   1.6900000e+03   3.0030348e-01   3.2275183e-01   2.6165335e-01   3.2073289e-01   2.4998386e-01
   1.7000000e+03   3.1964242e-01   3.4841574e-01   2.8310640e-01   2.9223839e-01   2.7164007e-01
   1.7100000e+03   3.0338753e-01   3.2367706e-01   3.0227868e-01   2.7719797e-01   2.8807418e-01
   1.7200000e+03   2.6232093e-01   2.8205868e-01   3.0583801e-01   2.8094436e-01   2.7556917e-01
   1.7300000e+03   2.3943973e-01   2.6402912e-01   2.8362116e-01   2.7034553e-01   2.8008334e-01
   1.7400000e+03   2.7688174e-01   2.9333995e-01   2.6109941e-01   2.6670062e-01   2.6968206e-01
   1.7500000e+03   3.1504087e-01   3.2142828e-01   2.4431972e-01   3.0124519e-01   2.7888833e-01
   1.7600000e+03   3.6326809e-01   3.2098651e-01   3.0184673e-01   2.9320124e-01   2.7847766e-01
   1.7700000e+03   3.7579298e-01   3.1037395e-01   3.2591646e-01   2.8310502e-01   2.8551578e-01
   1.7800000e+03   3.1357519e-01   3.0822694e-01   3.0421550e-01   2.9504339e-01   2.7384092e-01
   1.7900000e+03   2.6106856e-01   2.8407645e-01   2.9531043e-01   2.9314793e-01   2.5261884e-01
   1.8000000e+03   2.2550941e-01   2.6454134e-01   2.4250379e-01   2.7979252e-01   2.3370227e-01
   1.8100000e+03   3.0667639e-01   2.8726789e-01   2.6049186e-01   2.7654132e-01   2.6010732e-01
   1.8200000e+03   3.2858955e-01   3.1692378e-01   2.9635855e-01   2.8892361e-01   2.8989730e-01
   1.8300000e+03   3.2748891e-01   3.2158106e-01   2.9498975e-01   2.8238496e-01   2.9459095e-01
   1.8400000e+03   2.7882894e-01   3.0281310e-01   2.7821826e-01   2.8254653e-01   2.8794062e-01
   1.8500000e+03   2.2093516e-01   3.0480064e-01   2.7306759e-01   2.6863900e-01   2.6803974e-01
   1.8600000e+03   2.6441136e-01   2.9670415e-01   2.7640106e-01   2.8406581e-01   2.6822655e-01
   1.8700000e+03   3.3128574e-01   3.1121256e-01   2.9384545e-01   3.0102941e-01   2.6524172e-01
   1.8800000e+03   3.4580765e-01   3.3733175e-01   3.0709637e-01   2.9993699e-01   2.5163787e-01
   1.8900000e+03   3.4133108e-01   3.3395733e-01   2.9078856e-01   2.8717366e-01   2.7162203e-01
   1.9000000e+03   3.2898147e-01   3.0457914e-01   2.7163221e-01   2.8075920e-01   2.6604305e-01
   1.9100000e+03   3.0003814e-01   2.7323327e-01   2.6574703e-01   2.6839142e-01   2.8463705e-01
   1.9200000e+03   2.6353575e-01   2.6984836e-01   2.7639787e-01   2.8667947e-01   2.9020198e-01
   1.9300000e+03   2.7695643e-01   2.7784277e-01   2.8340143e-01   2.8604436e-01   2.6272644e-01
   1.9400000e+03   2.9230111e-01   3.0562466e-01   3.0543093e-01   2.7947431e-01   2.7547122e-01
   1.9500000e+03   2.9612462e-01   3.2450605e-01   3.1216023e-01   2.7304310e-01   2.5721810e-01
   1.9600000e+03   2.9903843e-01   3.2712322e-01   3.0437654e-01   3.0450139e-01   2.6198192e-01
   1.9700000e+03   2.9338216e-01   3.0906980e-01   2.8481958e-01   2.9502760e-01   2.7779788e-01
   1.9800000e+03   2.7332357e-01   2.6069652e-01   2.6876425e-01   2.6520079e-01   2.8639524e-01
   1.9900000e+03   2.6578370e-01   2.6998312e-01   2.7558974e-01   2.6635406e-01   2.7940984e-01
   2.0000000e+03   2.8196565e-01   3.0253472e-01   2.9923623e-01   2.8975391e-01   2.7471750e-01
   2.0100000e+03   3.0211653e-01   3.3062358e-01   3.0324805e-01   3.0356905e-01   2.7926818e-01
   2.0200000e+03   3.4421208e-01   3.2223199e-01   2.9383461e-01   2.8838380e-01   2.7302851e-01
   2.0300000e+03   3.1726810e-01   3.1944640e-01   2.8524822e-01   2.6551375e-01   2.8621193e-01
   2.0400000e+03   2.8001905e-01   2.6523840e-01   2.6769477e-01   2.6037072e-01   2.7857806e-01
   2.0500000e+03   2.5142529e-01   2.6273910e-01   2.8022071e-01   2.8361735e-01   2.6749131e-01
   2.0600000e+03   2.5639614e-01   2.7676172e-01   2.7575980e-01   2.8228563e-01   2.5937158e-01
   2.0700000e+03   3.2613378e-01   3.1835521e-01   2.8775455e-01   2.9499824e-01   2.8460014e-01
   2.0800000e+03   3.1311105e-01   3.5521109e-01   3.0643681e-01   2.9976424e-01   2.7047883e-01
   2.0900000e+03   3.4292860e-01   3.4801592e-01   3.1622988e-01   2.9913043e-01   2.9064031e-01
   2.1000000e+03   2.9802007e-01   2.7444622e-01   2.7800040e-01   2.9388526e-01   2.9429947e-01
   2.1100000e+03   2.6179705e-01   2.2213731e-01   2.5674569e-01   2.5055388e-01   2.8860337e-01
   2.1200000e+03   2.9797560e-01   2.5094374e-01   2.7880284e-01   2.5350875e-01   2.6109711e-01
   2.1300000e+03   3.1314368e-01   3.1217130e-01   2.9840079e-01   2.6426746e-01   2.6991113e-01
   2.1400000e+03   3.3510706e-01   3.8564849e-01   3.0848424e-01   2.7744757e-01   2.8184224e-01
   2.1500000e+03   3.3399014e-01   3.8073112e-01   2.9571612e-01   3.0749957e-01   2.9142975e-01
   2.1600000e+03   2.7528304e-01   3.0127672e-01   2.8436718e-01   3.2283989e-01   2.6443465e-01
   2.1700000e+03   2.3920066e-01   2.4607655e-01   3.0084467e-01   2.9371381e-01   2.6532689e-01
   2.1800000e+03   2.1085686e-01   2.5452847e-01   3.1928973e-01   2.6957575e-01   2.4360268e-01
   2.1900000e+03   3.0309352e-01   3.5134261e-01   3.0643685e-01   2.5959387e-01   2.7879747e-01
   2.2000000e+03   3.9188368e-01   3.5869869e-01   2.7106627e-01   2.6436383e-01   2.9622792e-01
   2.2100000e+03   3.4601190e-01   3.2928391e-01   2.7502812e-01   3.0004239e-01   2.8558333e-01
   2.2200000e+03   3.0012890e-01   2.7134438e-01   2.7061370e-01   3.0158906e-01   2.6789296e-01
   2.2300000e+03   2.6979588e-01   2.3596532e-01   2.9319870e-01   2.6782977e-01   2.5866349e-01
   2.2400000e+03   2.6924834e-01   2.5474345e-01   3.1688149e-01   2.8188579e-01   2.5427524e-01
   2.2500000e+03   2.9793905e-01   2.8906475e-01   3.1076373e-01   2.9631122e-01   2.7043453e-01
   2.2600000e+03   3.1442669e-01   3.4682064e-01   2.6954912e-01   2.8124632e-01   2.6992147e-01
   2.2700000e+03   3.1530185e-01   3.5397754e-01   2.8535258e-01   2.7200954e-01   2.7794596e-01
   2.2800000e+03   2.6018063e-01   3.1378688e-01   3.0385542e-01   2.7794254e-01   2.8268303e-01
   2.2900000e+03   2.6430465e-01   2.6127490e-01   3.0161291e-01   2.8491611e-01   2.8504695e-01
   2.3000000e+03   2.6016701e-01   2.5223253e-01   2.8305610e-01   2.8953700e-01   2.6458498e-01
   2.3100000e+03   2.5979361e-01   3.1311342e-01   2.5763408e-01   2.8247546e-01   2.7389765e-01
   2.3200000e+03   2.9682907e-01   3.1933505e-01   2.7455863e-01   2.5965952e-01   2.8592087e-01
   2.3300000e+03   3.4444971e-01   3.3395771e-01   2.9743071e-01   2.9373686e-01   2.6571073e-01
   2.3400000e+03   3.8364472e-01   3.0769674e-01   2.9751954e-01   2.8473633e-01   2.5777099e-01
   2.3500000e+03   3.3712827e-01   2.6233593e-01   2.8532441e-01   3.0165513e-01   2.7799449e-01
   2.3600000e+03   2.8965087e-01   2.6718770e-01   2.6187056e-01   3.0304359e-01   2.8045215e-01
   2.3700000e+03   2.5366424e-01   2.6811812e-01   2.6963531e-01   2.9858691e-01   2.8794292e-01
   2.3800000e+03   2.6932589e-01   3.1535038e-01   2.8941591e-01   2.8758545e-01   2.8892512e-01
   2.3900000e+03   3.1586361e-01   3.6926752e-01   3.1593491e-01   2.6197138e-01   2.5686225e-01
   2.4000000e+03   3.1828858e-01   3.4333148e-01   3.0307125e-01   2.8080820e-01   2.7583641e-01
   2.4100000e+03   2.8771910e-01   2.6981092e-01   2.9284694e-01   2.9110959e-01   2.8024129e-01
   2.4200000e+03   2.9697304e-01   2.4658445e-01   2.5977799e-01   2.6475290e-01   2.7764137e-01
   2.4300000e+03   2.4441868e-01   2.6070703e-01   2.7250128e-01   2.7794447e-01   2.6580490e-01
   2.4400000e+03   2.7445636e-01   3.1009935e-01   2.8135093e-01   2.9070631e-01   2.8396274e-01
   2.4500000e+03   3.3522317e-01   3.4763072e-01   3.0528045e-01   2.9040497e-01   2.9127771e-01
   2.4600000e+03   3.1273319e-01   3.5159007e-01   3.0205580e-01   2.9212627e-01   2.8460055e-01
   2.4700000e+03   3.0789074e-01   3.3380315e-01   2.9420600e-01   2.8134747e-01   2.8757785e-01
   2.4800000e+03   3.1125694e-01   2.7312836e-01   2.6986600e-01   2.8199234e-01   2.6438889e-01
   2.4900000e+03   2.8554503e-01   2.5419695e-01   2.5549727e-01   2.7779008e-01   2.7306039e-01
   2.5000000e+03   2.4612469e-01   2.7416172e-01   2.6668969e-01   2.7955075e-01   2.9322654e-01
   2.5100000e+03   2.5493046e-01   3.2427039e-01   2.7253910e-01   2.7492409e-01   2.6158749e-01
   2.5200000e+03   3.1800727e-01   3.3282558e-01   2.8915172e-01   2.7110679e-01   2.5404437e-01
   2.5300000e+03   3.6026397e-01   3.1838819e-01   3.3484483e-01   2.8059949e-01   2.5565250e-01
   2.5400000e+03   3.1253425e-01   2.8907178e-01   3.0088744e-01   2.9465063e-01   2.7741081e-01
   2.5500000e+03   2.7981339e-01   2.6486985e-01   2.7179147e-01   3.0108303e-01   2.7293802e-01
   2.5600000e+03   2.7125412e-01   2.7725395e-01   2.6912530e-01   3.0676343e-01   2.8039338e-01
   2.5700000e+03   2.7038545e-01   3.0923624e-01   2.8142577e-01   2.8737332e-01   2.8243361e-01
   2.5800000e+03   3.3500011e-01   3.5094743e-01   2.9829047e-01   2.7315843e-01   2.9185341e-01
   2.5900000e+03   3.4622825e-01   3.6377628e-01   3.0680259e-01   2.7113904e-01   2.9583613e-01
   2.6000000e+03   2.9370002e-01   3.1610469e-01   2.8419578e-01   2.6529892e-01   2.6938042e-01
   2.6100000e+03   2.2410892e-01   2.5328816e-01   2.6750355e-01   2.7702395e-01   2.5514212e-01
   2.6200000e+03   2.7663042e-01   2.6896959e-01   2.9429411e-01   2.9517902e-01   2.5120825e-01
   2.6300000e+03   2.8925224e-01   2.7779177e-01   2.7132350e-01   2.9131476e-01   2.7341946e-01
   2.6400000e+03   3.1907983e-01   3.1471547e-01   3.0361846e-01   2.9284135e-01   2.7582699e-01
   2.6500000e+03   3.2327362e-01   3.2923986e-01   3.1798086e-01   2.9035108e-01   2.9160528e-01
   2.6600000e+03   2.8994301e-01   3.1319358e-01   2.9548586e-01   2.7933659e-01   3.0234851e-01
   2.6700000e+03   2.9213815e-01   3.0220571e-01   2.8378073e-01   2.6746125e-01   2.8445197e-01
   2.6800000e+03   3.0094755e-01   2.6511597e-01   2.6943041e-01   2.9064115e-01   2.6532554e-01
   2.6900000e+03   3.0868866e-01   2.9615167e-01   2.6560719e-01   3.0345472e-01   2.6283976e-01
   2.7000000e+03   3.0949802e-01   3.0557481e-01   2.8308064e-01   2.9485705e-01   2.7109366e-01
   2.7100000e+03   2.9418695e-01   3.2427881e-01   2.8296606e-01   2.8704238e-01   2.7783735e-01
   2.7200000e+03   3.0081438e-01   3.3151415e-01   2.8343554e-01   2.5387638e-01   2.7824915e-01
   2.7300000e+03   2.7682258e-01   3.0044014e-01   2.8744920e-01   2.6877200e-01   2.5917304e-01
   2.7400000e+03   2.8177181e-01   2.4522028e-01   2.8628092e-01   3.0265359e-01   2.6664427e-01
   2.7500000e+03   3.0230157e-01   2.6547976e-01   2.7491605e-01   2.9544657e-01   2.7649336e-01
   2.7600000e+03   2.5953394e-01   2.9639078e-01   2.8881674e-01   2.9530317e-01   2.8621726e-01
   2.7700000e+03   2.9388423e-01   3.4990264e-01   2.8807550e-01   3.0039363e-01   2.8660826e-01
   2.7800000e+03   3.4978218e-01   3.5195532e-01   2.7785527e-01   2.4695667e-01   2.7906598e-01
   2.7900000e+03   3.4053179e-01   3.1152772e-01   2.7277239e-01   2.6317324e-01   2.6673634e-01
   2.8000000e+03   3.0468080e-01   2.7210411e-01   2.7499036e-01   2.6420701e-01   2.6935376e-01
   2.8100000e+03   2.6547807e-01   2.6472216e-01   2.8304960e-01   2.7719107e-01   2.5193854e-01
   2.8200000e+03   2.5646190e-01   2.8062008e-01   2.9857116e-01   3.1992405e-01   2.7452665e-01
   2.8300000e+03   2.8405499e-01   3.2056376e-01   3.0458852e-01   3.2782845e-01   2.8437928e-01
   2.8400000e+03   3.5251939e-01   3.5669206e-01   3.0638297e-01   2.8647716e-01   2.9294039e-01
   2.8500000e+03   3.4243057e-01   3.2206267e-01   3.0584044e-01   2.7243209e-01   2.8706268e-01
   2.8600000e+03   2.9125768e-01   2.6355685e-01   2.9906400e-01   2.6719626e-01   2.6987335e-01
   2.8700000e+03   2.4872525e-01   2.5725449e-01   2.7119695e-01   2.7945921e-01   2.6135006e-01
   2.8800000e+03   2.7658069e-01   2.9558285e-01   2.8891188e-01   2.9482202e-01   2.6479464e-01
   2.8900000e+03   2.8603040e-01   3.6275016e-01   2.8814822e-01   2.8502427e-01   2.6400773e-01
   2.9000000e+03   3.6785115e-01   3.7859303e-01   3.1383165e-01   2.8557702e-01   2.5594460e-01
   2.9100000e+03   3.4552645e-01   3.1433850e-01   3.0475216e-01   2.9075050e-01   2.7630153e-01
   2.9200000e+03   2.7376199e-01   2.6206376e-01   2.9444435e-01   2.5906487e-01   2.9437217e-01
   2.9300000e+03   2.2129038e-01   2.2398723e-01   2.8533017e-01   2.8297227e-01   2.6491400e-01
   2.9400000e+03   2.8904621e-01   2.6103587e-01   3.0126205e-01   3.0394708e-01   2.6022725e-01
   2.9500000e+03   3.0158674e-01   3.1357802e-01   3.0317066e-01   3.0178789e-01   2.6264781e-01
   2.9600000e+03   2.9766882e-01   3.5763222e-01   3.1112043e-01   2.9638202e-01   2.7599831e-01
   2.9700000e+03   2.5770592e-01   3.3466972e-01   3.0378543e-01   2.7741609e-01   2.7945995e-01
   2.9800000e+03   2.4029468e-01   2.7590972e-01   2.7832785e-01   2.8365372e-01   2.5280047e-01
   2.9900000e+03   3.0806196e-01   2.5157427e-01   2.7216473e-01   2.5904922e-01   2.4440223e-01
   3.0000000e+03   3.3942420e-01   2.8618302e-01   2.6636213e-01   2.7068488e-01   2.6718424e-01
   3.0100000e+03   3.4423159e-01   3.2409382e-01   2.6820289e-01   2.9153368e-01   2.7188574e-01
   3.0200000e+03   3.1290722e-01   3.3884615e-01   2.8231306e-01   3.0694853e-01   2.9393497e-01
   3.0300000e+03   2.5513168e-01   3.2906236e-01   3.0692397e-01   3.1309903e-01   2.9357065e-01
   3.0400000e+03   2.6846099e-01   2.8816196e-01   3.1239507e-01   2.9408649e-01   2.9186871e-01
   3.0500000e+03   3.0157061e-01   2.6854261e-01   2.7981778e-01   2.6965231e-01   2.8066098e-01
   3.0600000e+03   3.1360210e-01   2.7030710e-01   2.7335789e-01   2.6643387e-01   2.6130102e-01
   3.0700000e+03   3.1147367e-01   3.2677388e-01   2.5536314e-01   2.7751028e-01   2.6500486e-01
   3.0800000e+03   3.3339055e-01   3.6101948e-01   3.0457546e-01   2.8220869e-01   2.3909744e-01
   3.0900000e+03   2.6435628e-01   3.5804857e-01   3.1026629e-01   3.0026061e-01   2.6877969e-01
   3.1000000e+03   3.1333105e-01   3.0074043e-01   2.8130864e-01   2.9001454e-01   2.9377792e-01
   3.1100000e+03   3.1973441e-01   2.5469160e-01   2.8171264e-01   2.8622087e-01   2.8862869e-01
   3.1200000e+03   2.7800834e-01   2.8991658e-01   2.6939246e-01   2.8484620e-01   2.7702263e-01
   3.1300000e+03   3.0778936e-01   3.1443952e-01   2.7760919e-01   2.6034222e-01   2.8499533e-01
   3.1400000e+03   2.8254721e-01   3.3801163e-01   2.8925760e-01   2.8766427e-01   2.7334056e-01
   3.1500000e+03   2.9214992e-01   3.2325765e-01   3.1041728e-01   2.9777448e-01   2.7263877e-01
   3.1600000e+03   2.9244686e-01   2.9568233e-01   2.7798651e-01   2.8097330e-01   2.6636967e-01
   3.1700000e+03   2.7568398e-01   3.0708247e-01   2.5863715e-01   2.6819764e-01   2.7139714e-01
   3.1800000e+03   2.5249025e-01   2.8684221e-01   2.7420195e-01   2.8883147e-01   2.8238489e-01
   3.1900000e+03   2.5700289e-01   2.9482683e-01   2.7811028e-01   2.8082694e-01   2.6881895e-01
   3.2000000e+03   3.0400052e-01   3.3235686e-01   2.7367599e-01   2.9475956e-01   2.7230628e-01
   3.2100000e+03   3.9542235e-01   3.2104037e-01   3.0667450e-01   2.9825791e-01   2.7667709e-01
   3.2200000e+03   3.6667750e-01   2.9832061e-01   2.8912857e-01   2.6284999e-01   2.9143229e-01
   3.2300000e+03   3.0459113e-01   2.8256237e-01   2.9782611e-01   3.0481853e-01   2.9115791e-01
   3.2400000e+03   2.6350094e-01   2.6428853e-01   2.7738202e-01   3.0287579e-01   2.7245275e-01
   3.2500000e+03   2.6205006e-01   2.7543792e-01   2.9119033e-01   2.6637294e-01   2.5472646e-01
   3.2600000e+03   3.1089988e-01   2.8357099e-01   2.9081925e-01   2.7400651e-01   2.3879628e-01
   3.2700000e+03   3.2395136e-01   3.1333118e-01   3.1427822e-01   2.7626389e-01   2.6103325e-01
   3.2800000e+03   3.2294700e-01   3.5271058e-01   2.9971381e-01   2.7622540e-01   2.7926931e-01
   3.2900000e+03   2.6515178e-01   3.2601895e-01   2.8686130e-01   2.8382961e-01   2.6836394e-01
   3.3000000e+03   2.3775914e-01   2.9552901e-01   2.6640633e-01   2.7244304e-01   2.7671867e-01
   3.3100000e+03   2.8311281e-01   2.6126039e-01   2.6164141e-01   2.7679399e-01   2.8298073e-01
   3.3200000e+03   3.3439609e-01   2.8366017e-01   2.8904365e-01   3.1427174e-01   2.6699734e-01
   3.3300000e+03   3.7178522e-01   3.1804777e-01   3.1496047e-01   2.8894330e-01   2.6383862e-01
   3.3400000e+03   3.0731490e-01   3.4852042e-01   3.2061758e-01   2.8390372e-01   2.5462570e-01
   3.3500000e+03   2.8428821e-01   3.3064858e-01   3.0064507e-01   2.8762532e-01   2.6951146e-01
   3.3600000e+03   3.0440604e-01   2.6513081e-01   2.6378287e-01   2.8017427e-01   2.8053965e-01
   3.3700000e+03   2.8469966e-01   2.4070823e-01   2.5481689e-01   2.9171447e-01   2.7844822e-01
   3.3800000e+03   2.9062336e-01   2.7282755e-01   2.6760855e-01   2.7984627e-01   2.7615277e-01
   3.3900000e+03   2.7874960e-01   3.2936699e-01   2.9334024e-01   2.6442860e-01   2.9746428e-01
   3.4000000e+03   2.7302709e-01   3.5397622e-01   3.1875289e-01   2.8611279e-01   2.7913373e-01
   3.4100000e+03   2.4951335e-01   3.3823847e-01   2.9830180e-01   2.9946297e-01   2.7875532e-01
   3.4200000e+03   2.8209666e-01   3.0832057e-01   2.7720790e-01   3.0316544e-01   2.8699219e-01
   3.4300000e+03   2.7565013e-01   2.5744145e-01   2.5228388e-01   2.8583198e-01   2.7783570e-01
   3.4400000e+03   2.7375302e-01   2.6095766e-01   2.6216464e-01   2.8994895e-01   2.4816106e-01
   3.4500000e+03   3.0634307e-01   3.1552655e-01   2.8227982e-01   2.5938594e-01   2.5733988e-01
   3.4600000e+03   3.0673644e-01   3.4553775e-01   3.0933680e-01   2.6959001e-01   2.5646779e-01
   3.4700000e+03   3.2036187e-01   3.3569004e-01   3.1106077e-01   2.8002614e-01   2.6951965e-01
   3.4800000e+03   2.8225100e-01   3.1080076e-01   2.7582368e-01   3.0699260e-01   3.0948228e-01
   3.4900000e+03   2.4056507e-01   2.6338129e-01   2.5296081e-01   2.9430708e-01   2.8898400e-01
   3.5000000e+03   2.6539408e-01   2.5958881e-01   2.7084407e-01   2.7220012e-01   2.7060112e-01
   3.5100000e+03   3.1299768e-01   3.1018218e-01   2.8179539e-01   2.8068038e-01   2.7318906e-01
   3.5200000e+03   3.6356723e-01   3.4467076e-01   2.9379338e-01   2.8671976e-01   2.7966045e-01
   3.5300000e+03   3.6828199e-01   3.4955415e-01   3.0833306e-01   2.7889725e-01   2.9415421e-01
   3.5400000e+03   3.1658953e-01   3.1079840e-01   3.0988941e-01   2.7364522e-01   2.7470260e-01
   3.5500000e+03   2.5617488e-01   2.6666582e-01   2.9937086e-01   2.7232742e-01   2.5942502e-01
   3.5600000e+03   2.8612218e-01   2.6703565e-01   2.9278686e-01   2.8541361e-01   2.4975452e-01
   3.5700000e+03   3.1658600e-01   2.8589120e-01   2.8475200e-01   2.7306347e-01   2.7695632e-01
   3.5800000e+03   3.3156553e-01   3.3329365e-01   2.8860163e-01   2.9462788e-01   2.7958411e-01
   3.5900000e+03   3.4634598e-01   3.2925576e-01   2.9822898e-01   2.9037572e-01   3.0916773e-01
   3.6000000e+03   3.4116400e-01   3.1446368e-01   2.8318925e-01   2.8101921e-01   3.0416604e-01
   3.6100000e+03   2.5943808e-01   2.8877288e-01   2.9021504e-01   2.9683858e-01   2.5455919e-01
   3.6200000e+03   1.9666943e-01   2.6772026e-01   2.9476036e-01   2.8407910e-01   2.4988954e-01
   3.6300000e+03   2.2737958e-01   2.6360999e-01   2.8997140e-01   2.6962833e-01   2.5340818e-01
   3.6400000e+03   3.1126604e-01   2.9501348e-01   2.9050010e-01   2.9341784e-01   2.6006942e-01
   3.6500000e+03   3.8033132e-01   3.2728667e-01   3.0009486e-01   2.9561544e-01   2.8530785e-01
   3.6600000e+03   3.6038315e-01   3.3186816e-01   2.9819456e-01   2.8966122e-01   2.7657112e-01
   3.6700000e+03   2.9636823e-01   2.9127980e-01   2.7819454e-01   2.6612847e-01   2.6719126e-01
   3.6800000e+03   2.5455013e-01   2.6449340e-01   2.8912999e-01   2.5877330e-01   2.8441580e-01
   3.6900000e+03   2.3603283e-01   2.6712967e-01   3.0105839e-01   2.6927345e-01   2.9150567e-01
   3.7000000e+03   3.1418302e-01   3.0121595e-01   2.9390351e-01   3.0952112e-01   2.7787328e-01
   3.7100000e+03   3.5043580e-01   3.3075982e-01   3.0487365e-01   2.8910969e-01   2.6445717e-01
   3.7200000e+03   3.0833404e-01   3.4041070e-01   2.7904620e-01   2.9490365e-01   2.5432640e-01
   3.7300000e+03   2.5981903e-01   3.3262025e-01   2.7151404e-01   2.8673201e-01   2.7728439e-01
   3.7400000e+03   2.4908084e-01   2.8934622e-01   3.0046048e-01   2.5822219e-01   2.9885567e-01
   3.7500000e+03   2.4514424e-01   2.5331695e-01   3.0033182e-01   2.6322684e-01   2.8823153e-01
   3.7600000e+03   2.7556792e-01   2.8537267e-01   2.7824949e-01   2.8129831e-01   2.6638412e-01
   3.7700000e+03   2.9095002e-01   3.3149569e-01   2.7185158e-01   2.8667019e-01   2.7158144e-01
   3.7800000e+03   3.6569365e-01   3.6381608e-01   2.8197683e-01   3.0589782e-01   2.8161534e-01
   3.7900000e+03   3.4208050e-01   3.3538835e-01   3.0499437e-01   3.0725443e-01   2.7002398e-01
   3.8000000e+03   2.8266971e-01   2.7742807e-01   2.8995087e-01   2.7889379e-01   2.8492824e-01
   3.8100000e+03   2.7641424e-01   2.5201367e-01   2.7769431e-01   2.6480792e-01   2.6479656e-01
   3.8200000e+03   2.7602980e-01   2.7879695e-01   2.6170900e-01   2.5043761e-01   2.6115965e-01
   3.8300000e+03   2.8684748e-01   3.3334072e-01   2.6635843e-01   2.6621810e-01   2.8244360e-01
   3.8400000e+03   3.1983609e-01   3.6340750e-01   2.8764853e-01   3.1220324e-01   2.6113453e-01
   3.8500000e+03   3.4809627e-01   3.3500631e-01   2.9962581e-01   3.0078493e-01   2.8852043e-01
   3.8600000e+03   3.1801484e-01   2.6512866e-01   3.1955862e-01   2.8935153e-01   2.9630744e-01
   3.8700000e+03   2.4275914e-01   2.4465874e-01   2.7844791e-01   2.6882558e-01   2.8291710e-01
   3.8800000e+03   2.5067881e-01   2.8531030e-01   2.6904145e-01   2.6153765e-01   2.7871490e-01
   3.8900000e+03   2.7943045e-01   3.1122283e-01   2.4961543e-01   2.8289396e-01   2.7446708e-01
   3.9000000e+03   3.5227421e-01   3.2900777e-01   2.6927721e-01   3.0333238e-01   2.7574133e-01
   3.9100000e+03   3.4956742e-01   3.1574036e-01   3.0209856e-01   2.9712562e-01   2.6015990e-01
   3.9200000e+03   2.9680791e-01   2.9633903e-01   3.0696125e-01   2.8807874e-01   2.5599930e-01
   3.9300000e+03   2.4609124e-01   2.7427580e-01   3.0658819e-01   2.8102170e-01   2.6056144e-01
   3.9400000e+03   2.0448532e-01   2.8069449e-01   3.0051310e-01   2.8247135e-01   2.6958268e-01
   3.9500000e+03   2.5870418e-01   2.9120910e-01   2.7916800e-01   2.7411232e-01   2.9193531e-01
   3.9600000e+03   3.3265152e-01   3.0577147e-01   2.6544323e-01   2.9099876e-01   2.9480731e-01
   3.9700000e+03   3.5895677e-01   3.0819136e-01   2.9040879e-01   2.9970220e-01   2.7826723e-01
   3.9800000e+03   3.4341530e-01   2.9393384e-01   3.2118277e-01   2.8250293e-01   2.7909476e-01
   3.9900000e+03   2.9514587e-01   2.7783553e-01   2.9374097e-01   2.5965459e-01   2.6543086e-01
   4.0000000e+03   2.6010531e-01   2.7031093e-01   3.0072334e-01   2.6635688e-01   2.6008197e-01
   4.0100000e+03   2.3415558e-01   2.9655493e-01   2.5717612e-01   2.8411325e-01   2.6159736e-01
   4.0200000e+03   3.0796642e-01   3.3475895e-01   2.5575215e-01   3.1272740e-01   2.5229707e-01
   4.0300000e+03   3.9062056e-01   3.3480523e-01   3.0729750e-01   2.8358679e-01   2.7403978e-01
   4.0400000e+03   3.7203680e-01   3.4513103e-01   2.8904200e-01   2.8880200e-01   2.8787114e-01
   4.0500000e+03   2.8524889e-01   2.8906932e-01   2.9120614e-01   2.6791530e-01   2.8944499e-01
   4.0600000e+03   2.1629033e-01   2.7046402e-01   2.8863610e-01   2.8042936e-01   2.7848758e-01
   4.0700000e+03   2.1056195e-01   2.8450235e-01   2.6981339e-01   3.0103051e-01   2.6560042e-01
   4.0800000e+03   2.9707183e-01   2.9924982e-01   2.6936339e-01   2.9339941e-01   2.5857186e-01
   4.0900000e+03   3.5714253e-01   3.1152302e-01   3.0147337e-01   2.8156431e-01   2.6533558e-01
   4.1000000e+03   3.7879233e-01   3.1130988e-01   3.0698213e-01   2.7925497e-01   2.9007413e-01
   4.1100000e+03   3.2981861e-01   3.0741248e-01   2.9933509e-01   2.6719127e-01   2.8082365e-01
   4.1200000e+03   2.4396334e-01   2.9137348e-01   2.7962565e-01   2.8281004e-01   2.7137642e-01
   4.1300000e+03   2.3891346e-01   2.7965270e-01   2.6685697e-01   2.9067679e-01   2.8530310e-01
   4.1400000e+03   2.5766059e-01   3.0898178e-01   2.7649325e-01   2.7824591e-01   2.5886558e-01
   4.1500000e+03   2.7965740e-01   3.4305161e-01   3.0692822e-01   2.6705305e-01   2.7904586e-01
   4.1600000e+03   3.4709290e-01   3.2107617e-01   2.7176875e-01   3.0858114e-01   2.8794806e-01
   4.1700000e+03   3.5727220e-01   3.0064084e-01   2.8412290e-01   3.1151026e-01   2.7107233e-01
   4.1800000e+03   2.6906369e-01   2.8931193e-01   2.8175565e-01   2.6985755e-01   2.7183806e-01
   4.1900000e+03   2.5126047e-01   2.9517368e-01   2.8629577e-01   2.5623070e-01   2.7011423e-01
   4.2000000e+03   2.5343975e-01   2.8343600e-01   2.8842053e-01   2.7247734e-01   2.8271694e-01
   4.2100000e+03   2.8733126e-01   3.0070570e-01   2.8039542e-01   2.9085530e-01   2.8686524e-01
   4.2200000e+03   3.2581427e-01   3.4263058e-01   3.0799738e-01   3.0269669e-01   2.8083621e-01
   4.2300000e+03   3.5975836e-01   3.2776313e-01   3.0651002e-01   2.9799509e-01   2.7754127e-01
   4.2400000e+03   3.5902985e-01   2.9471503e-01   3.1713912e-01   2.6931596e-01   2.9074303e-01
   4.2500000e+03   3.0731035e-01   2.4317203e-01   2.9169748e-01   2.6846808e-01   2.6679372e-01
   4.2600000e+03   2.3577202e-01   2.6529330e-01   2.8180046e-01   2.7091413e-01   2.5452928e-01
   4.2700000e+03   2.3181304e-01   3.0370337e-01   2.8431929e-01   3.0058068e-01   2.7042283e-01
   4.2800000e+03   2.7439982e-01   3.3591296e-01   2.5789913e-01   2.8857689e-01   2.5855609e-01
   4.2900000e+03   3.8962063e-01   3.3735928e-01   2.8363393e-01   2.5512862e-01   2.6271335e-01
   4.3000000e+03   3.5117859e-01   2.8222078e-01   3.0725287e-01   2.6602375e-01   2.6602737e-01
   4.3100000e+03   2.7281855e-01   2.5691405e-01   3.1922149e-01   2.8219289e-01   2.8074793e-01
   4.3200000e+03   2.3856956e-01   2.6041868e-01   3.0474176e-01   2.8483265e-01   2.9306915e-01
   4.3300000e+03   2.3312237e-01   3.1938466e-01   2.7468981e-01   2.8685664e-01   2.8613748e-01
   4.3400000e+03   2.8175406e-01   3.6715636e-01   2.6590164e-01   3.0316991e-01   2.8164988e-01
   4.3500000e+03   3.5814143e-01   3.3723203e-01   2.9020091e-01   2.8795758e-01   2.6265511e-01
   4.3600000e+03   3.6583630e-01   2.9172918e-01   2.8679860e-01   2.8368082e-01   2.7595011e-01
   4.3700000e+03   2.9695141e-01   2.4143099e-01   2.9669093e-01   2.7535646e-01   2.5768467e-01
   4.3800000e+03   2.2063434e-01   2.6457759e-01   2.9268746e-01   2.7452248e-01   2.5177331e-01
   4.3900000e+03   2.3038144e-01   2.9474782e-01   2.9236405e-01   2.8321486e-01   2.6162677e-01
   4.4000000e+03   2.9452468e-01   3.1426594e-01   3.0461664e-01   2.8821952e-01   2.7295651e-01
   4.4100000e+03   3.3258869e-01   3.1629992e-01   3.1971407e-01   2.8212028e-01   2.9244767e-01
   4.4200000e+03   3.1734120e-01   3.1259172e-01   2.9683267e-01   2.8828405e-01   2.9262863e-01
   4.4300000e+03   2.6544910e-01   2.9930749e-01   2.6500490e-01   2.8794467e-01   2.8929631e-01
   4.4400000e+03   2.8347525e-01   2.8533120e-01   2.8392700e-01   2.7895256e-01   2.6692066e-01
   4.4500000e+03   3.0234939e-01   3.2000485e-01   2.6886866e-01   2.8978564e-01   2.5276837e-01
   4.4600000e+03   2.9942195e-01   3.2734055e-01   2.9073715e-01   2.9695070e-01   2.5277753e-01
   4.4700000e+03   2.8038273e-01   3.3812465e-01   2.8614946e-01   2.8621701e-01   2.7969645e-01
   4.4800000e+03   3.1315731e-01   3.0754820e-01   3.0226342e-01   2.9012871e-01   2.7941472e-01
   4.4900000e+03   3.3534485e-01   2.7964243e-01   2.9324629e-01   2.8779777e-01   2.8195499e-01
   4.5000000e+03   2.9460697e-01   2.6426774e-01   2.9494901e-01   2.7824660e-01   2.7590121e-01
   4.5100000e+03   3.0073568e-01   2.7268693e-01   2.7986838e-01   2.9138768e-01   2.7469133e-01
   4.5200000e+03   2.3947960e-01   2.9374607e-01   2.7299762e-01   2.9344732e-01   2.8168567e-01
   4.5300000e+03   2.4407263e-01   3.3250851e-01   3.0097296e-01   2.8154878e-01   2.5929464e-01
   4.5400000e+03   3.4776208e-01   3.5211965e-01   2.8263205e-01   2.8670336e-01   2.8578668e-01
   4.5500000e+03   3.6550422e-01   3.1981070e-01   2.8429126e-01   2.8712852e-01   2.7445113e-01
   4.5600000e+03   3.6114835e-01   2.6452541e-01   2.8052537e-01   2.8031237e-01   2.7332413e-01
   4.5700000e+03   3.0522332e-01   2.6716989e-01   3.0148415e-01   2.9472273e-01   2.8080153e-01
   4.5800000e+03   2.2360001e-01   2.9187062e-01   3.0325414e-01   2.8384436e-01   2.7995233e-01
   4.5900000e+03   2.4983469e-01   3.3395136e-01   2.6615553e-01   2.5676309e-01   2.8107330e-01
   4.6000000e+03   2.8674185e-01   3.2021961e-01   2.7400151e-01   2.7357227e-01   2.7365496e-01
   4.6100000e+03   3.4972309e-01   3.0108589e-01   2.9159191e-01   2.8529132e-01   2.7240280e-01
   4.6200000e+03   3.7063529e-01   2.7236415e-01   3.1654708e-01   3.2655726e-01   2.7158263e-01
   4.6300000e+03   2.5066496e-01   2.6014575e-01   2.8340681e-01   3.0010535e-01   2.9756077e-01
   4.6400000e+03   2.0980290e-01   3.0723289e-01   2.5551020e-01   2.7228987e-01   2.7159240e-01
   4.6500000e+03   2.6518974e-01   3.3788795e-01   2.3661990e-01   2.5896891e-01   2.4273274e-01
   4.6600000e+03   2.9754009e-01   3.3902522e-01   2.5763738e-01   2.8458829e-01   2.6206836e-01
   4.6700000e+03   3.4444901e-01   3.1489456e-01   2.9676002e-01   2.7113563e-01   2.8615506e-01
   4.6800000e+03   3.6783674e-01   2.9102569e-01   3.3980006e-01   2.8322131e-01   2.9615565e-01
   4.6900000e+03   3.3865226e-01   2.6061608e-01   3.1304406e-01   2.8656539e-01   3.0735561e-01
   4.7000000e+03   2.4334094e-01   2.6995150e-01   2.8614086e-01   2.8477982e-01   2.8152248e-01
   4.7100000e+03   2.6418872e-01   3.0143956e-01   2.5179257e-01   2.8561749e-01   2.5966319e-01
   4.7200000e+03   3.0013877e-01   3.5132501e-01   2.6651996e-01   2.8574697e-01   2.5278014e-01
   4.7300000e+03   2.9671012e-01   3.4456501e-01   2.8254173e-01   2.9782812e-01   2.5446159e-01
   4.7400000e+03   3.0328200e-01   3.1169468e-01   2.9866703e-01   2.8636947e-01   2.9211414e-01
   4.7500000e+03   2.9942842e-01   2.7637320e-01   2.9761251e-01   2.7928233e-01   2.8303433e-01
   4.7600000e+03   3.0529107e-01   2.7436796e-01   2.6054618e-01   2.8690498e-01   2.6533964e-01
   4.7700000e+03   2.8870257e-01   3.0609512e-01   2.6411636e-01   2.9072230e-01   2.8164850e-01
   4.7800000e+03   2.8665011e-01   3.5378011e-01   2.7980894e-01   2.8812678e-01   2.8416435e-01
   4.7900000e+03   2.8912479e-01   3.4768278e-01   3.0031723e-01   2.7196920e-01   2.8226772e-01
   4.8000000e+03   2.8798039e-01   3.0046033e-01   3.3160980e-01   2.7697823e-01   2.8826214e-01
   4.8100000e+03   2.7285024e-01   2.6218146e-01   3.0165985e-01   2.8296517e-01   2.7419990e-01
   4.8200000e+03   3.1939100e-01   2.6468359e-01   2.6905793e-01   2.9636035e-01   2.4962648e-01
   4.8300000e+03   3.1869577e-01   3.0053566e-01   2.4400394e-01   2.9204178e-01   2.5564091e-01
   4.8400000e+03   2.9013265e-01   3.2908458e-01   2.6017830e-01   2.8362222e-01   2.7021072e-01
   4.8500000e+03   2.4556634e-01   3.1887813e-01   3.1974857e-01   2.4881760e-01   2.8999071e-01
   4.8600000e+03   2.5775018e-01   3.1451168e-01   3.3939389e-01   2.7835504e-01   2.9570315e-01
   4.8700000e+03   3.4515978e-01   3.1118429e-01   3.1660706e-01   2.9209268e-01   2.7594771e-01
   4.8800000e+03   3.3067341e-01   2.8870531e-01   2.5337942e-01   2.8894784e-01   2.6055411e-01
   4.8900000e+03   2.8327187e-01   2.7855967e-01   2.4688439e-01   2.8755563e-01   2.7090613e-01
   4.9000000e+03   2.7994374e-01   2.9589235e-01   2.8113984e-01   2.8527168e-01   2.7999247e-01
   4.9100000e+03   2.8144472e-01   3.1370640e-01   3.1642856e-01   2.9601012e-01   2.9151973e-01
   4.9200000e+03   2.8924046e-01   3.0735758e-01   3.3045037e-01   2.8937561e-01   2.7812700e-01
   4.9300000e+03   3.1392837e-01   3.2114754e-01   2.8078678e-01   2.8172374e-01   2.4648583e-01
   4.9400000e+03   3.3905264e-01   3.0890909e-01   2.6009904e-01   2.6433658e-01   2.7804298e-01
   4.9500000e+03   2.7085699e-01   2.8410675e-01   2.5497423e-01   2.6524635e-01   2.9620421e-01
   4.9600000e+03   2.5973848e-01   2.8224886e-01   2.6080158e-01   2.7832468e-01   2.9011260e-01
   4.9700000e+03   3.0240724e-01   2.8806758e-01   3.3166137e-01   2.8652999e-01   2.6377683e-01
   4.9800000e+03   3.3677176e-01   3.3681984e-01   3.1797855e-01   2.8762464e-01   2.6437387e-01
   4.9900000e+03   3.2256122e-01   3.3059354e-01   3.1679172e-01   2.7406583e-01   2.6895052e-01
   5.0000000e+03   2.8669266e-01   2.9660954e-01   2.9407552e-01   2.8394600e-01   2.5881185e-01
   5.0100000e+03   3.0784466e-01   2.6995596e-01   2.6338264e-01   2.8211161e-01   2.7371539e-01
   5.0200000e+03   2.9610278e-01   2.6067780e-01   2.6018872e-01   2.9147032e-01   2.7345864e-01
   5.0300000e+03   2.7996623e-01   3.2759387e-01   2.8745170e-01   2.9365525e-01   2.7089405e-01
   5.0400000e+03   3.1092240e-01   3.6082049e-01   3.1618280e-01   3.2052034e-01   2.9346520e-01
   5.0500000e+03   2.9858370e-01   3.4585436e-01   3.0667345e-01   2.8969007e-01   2.7820478e-01
   5.0600000e+03   2.7460596e-01   3.0589974e-01   2.9330420e-01   2.6408498e-01   2.7240976e-01
   5.0700000e+03   2.7414358e-01   2.6224989e-01   2.8326562e-01   2.4823050e-01   2.7706414e-01
   5.0800000e+03   2.9308972e-01   2.8022101e-01   2.9174683e-01   2.5725328e-01   2.6316131e-01
   5.0900000e+03   3.0054018e-01   3.1743842e-01   3.0488352e-01   3.1634121e-01   2.6841388e-01
   5.1000000e+03   3.0346891e-01   3.2654262e-01   3.0238945e-01   3.1734741e-01   2.7402983e-01
   5.1100000e+03   3.1854805e-01   3.0326920e-01   2.8678072e-01   3.0474751e-01   2.7023585e-01
   5.1200000e+03   2.8147413e-01   3.0747598e-01   2.8559777e-01   2.9806113e-01   2.8262757e-01
   5.1300000e+03   2.9979023e-01   2.7875436e-01   2.6522833e-01   2.4096614e-01   2.8144761e-01
   5.1400000e+03   3.1733425e-01   2.6943471e-01   2.7590944e-01   2.5143089e-01   2.7625808e-01
   5.1500000e+03   3.3974509e-01   3.0096427e-01   3.0423794e-01   2.7923952e-01   2.8240793e-01
   5.1600000e+03   2.7945006e-01   3.4356655e-01   2.9263897e-01   3.0875291e-01   2.9143400e-01
   5.1700000e+03   2.8282934e-01   3.6545758e-01   2.9365415e-01   3.1685561e-01   2.8298919e-01
   5.1800000e+03   2.6471655e-01   3.2500900e-01   2.8181530e-01   2.9392317e-01   2.5655110e-01
   5.1900000e+03   3.1511921e-01   2.6049869e-01   2.7141721e-01   2.7192890e-01   2.6280768e-01
   5.2000000e+03   3.1245429e-01   2.6097833e-01   2.8518977e-01   2.6786086e-01   2.6929134e-01
   5.2100000e+03   2.9621126e-01   2.7934295e-01   3.1505317e-01   2.7039231e-01   2.6869037e-01
   5.2200000e+03   2.8694598e-01   3.1370921e-01   3.2523113e-01   2.9367342e-01   2.8349701e-01
   5.2300000e+03   3.1104970e-01   3.3177627e-01   2.9589648e-01   3.0623912e-01   2.8446248e-01
   5.2400000e+03   2.7774398e-01   3.0672778e-01   2.6407615e-01   2.8827023e-01   3.0481618e-01
   5.2500000e+03   2.5969866e-01   2.9368599e-01   2.4761676e-01   2.7635342e-01   2.8053907e-01
   5.2600000e+03   2.9067696e-01   3.0121026e-01   2.9876198e-01   2.6007378e-01   2.6852044e-01
   5.2700000e+03   3.0363457e-01   3.0055444e-01   3.0970196e-01   2.6596747e-01   2.5679586e-01
   5.2800000e+03   3.0435103e-01   3.2640735e-01   3.0963716e-01   2.7775530e-01   2.4903722e-01
   5.2900000e+03   2.7103828e-01   3.3915354e-01   3.1505574e-01   2.9493356e-01   2.6773056e-01
   5.3000000e+03   2.7786252e-01   2.9770614e-01   2.7202712e-01   3.0732382e-01   2.9073531e-01
   5.3100000e+03   2.6476736e-01   2.6692048e-01   2.4972904e-01   3.0348054e-01   2.7896628e-01
   5.3200000e+03   2.6422640e-01   2.6784804e-01   2.6962856e-01   2.6691775e-01   2.7025150e-01
   5.3300000e+03   3.2541692e-01   3.0559318e-01   2.9929946e-01   2.7341214e-01   2.6945805e-01
   5.3400000e+03   3.1925712e-01   3.2341495e-01   2.8530388e-01   2.7626768e-01   2.7015118e-01
   5.3500000e+03   3.2198464e-01   3.2195528e-01   2.9054110e-01   2.6848696e-01   2.7127654e-01
   5.3600000e+03   3.1423027e-01   3.0947612e-01   2.6801119e-01   2.9381494e-01   2.7411787e-01
   5.3700000e+03   2.8887059e-01   2.8671435e-01   2.5786119e-01   3.0293854e-01   2.6737561e-01
   5.3800000e+03   2.5710554e-01   2.6923957e-01   2.9739337e-01   2.8529564e-01   2.4946904e-01
   5.3900000e+03   2.6388142e-01   2.9694152e-01   3.0903531e-01   2.9183147e-01   2.5864428e-01
   5.4000000e+03   3.3125034e-01   3.0723669e-01   2.9667080e-01   2.5816081e-01   2.4991683e-01
   5.4100000e+03   3.5654101e-01   3.0561951e-01   2.7879692e-01   2.7608068e-01   2.8189276e-01
   5.4200000e+03   3.3023543e-01   2.8227238e-01   2.6097929e-01   2.9847709e-01   3.0816294e-01
   5.4300000e+03   3.1587047e-01   2.9814166e-01   2.8706925e-01   2.8522449e-01   2.9615414e-01
   5.4400000e+03   3.2116502e-01   3.1434565e-01   2.7634141e-01   2.8338640e-01   2.5733970e-01
   5.4500000e+03   2.6171636e-01   3.0776101e-01   2.7890426e-01   2.9231759e-01   2.5487645e-01
   5.4600000e+03   2.8673521e-01   2.8206161e-01   2.8126214e-01   2.5944665e-01   2.7789655e-01
   5.4700000e+03   3.5649221e-01   3.0489251e-01   2.9276387e-01   2.7480331e-01   2.7937502e-01
   5.4800000e+03   3.2737109e-01   3.3774698e-01   2.8509641e-01   2.8855407e-01   2.7938945e-01
   5.4900000e+03   2.7268607e-01   3.3026368e-01   2.9221859e-01   2.8738578e-01   2.6907959e-01
   5.5000000e+03   2.4160816e-01   2.7015235e-01   3.2340922e-01   2.9933954e-01   2.8452682e-01
   5.5100000e+03   2.1387355e-01   2.4952250e-01   2.9115035e-01   2.8846780e-01   2.9429866e-01
   5.5200000e+03   2.8945102e-01   2.6741442e-01   2.8942133e-01   2.7541678e-01   2.8504480e-01
   5.5300000e+03   3.2339660e-01   3.0606659e-01   2.7203461e-01   2.7067478e-01   2.8223082e-01
   5.5400000e+03   3.1158552e-01   3.4914565e-01   2.5601982e-01   2.6067204e-01   2.6087003e-01
   5.5500000e+03   2.9736542e-01   3.3151462e-01   2.6815870e-01   2.6790541e-01   2.4879578e-01
   5.5600000e+03   2.7814016e-01   2.8106909e-01   2.9858543e-01   3.0889329e-01   2.5782344e-01
   5.5700000e+03   2.7892495e-01   2.5918563e-01   3.0894236e-01   3.0758062e-01   2.6649975e-01
   5.5800000e+03   2.9689543e-01   2.7612700e-01   3.1924606e-01   2.8542467e-01   2.7778310e-01
   5.5900000e+03   3.1962608e-01   3.2357406e-01   2.8696350e-01   2.8632221e-01   2.6753144e-01
   5.6000000e+03   3.2083520e-01   3.3296285e-01   2.9301815e-01   2.7424003e-01   2.8710167e-01
   5.6100000e+03   2.9501069e-01   3.1134833e-01   2.7406639e-01   2.6336903e-01   2.9044160e-01
   5.6200000e+03   2.9148589e-01   2.6945630e-01   2.8772421e-01   2.8836894e-01   2.8841047e-01
   5.6300000e+03   2.7948777e-01   2.6308581e-01   2.7338066e-01   2.8432517e-01   2.7128589e-01
   5.6400000e+03   2.4916314e-01   2.9300745e-01   2.7785454e-01   2.9515713e-01   2.7071841e-01
   5.6500000e+03   3.0303462e-01   3.2664327e-01   2.9281348e-01   2.9357376e-01   2.4760246e-01
   5.6600000e+03   3.3704846e-01   3.2612763e-01   3.0375079e-01   2.9573698e-01   2.6287863e-01
   5.6700000e+03   3.2616540e-01   3.3376590e-01   2.9117195e-01   2.8404215e-01   2.8490392e-01
   5.6800000e+03   3.1471672e-01   3.0898781e-01   2.8487884e-01   2.7415248e-01   2.8821547e-01
   5.6900000e+03   2.9201083e-01   2.8092566e-01   2.9595666e-01   2.6997382e-01   2.7487145e-01
   5.7000000e+03   2.9085543e-01   2.6578526e-01   3.2384028e-01   2.8243284e-01   2.6107367e-01
   5.7100000e+03   2.8100319e-01   2.7980877e-01   3.3043733e-01   3.0117763e-01   2.7235187e-01
   5.7200000e+03   2.9650641e-01   3.1332130e-01   2.8573929e-01   2.8525849e-01   2.7616473e-01
   5.7300000e+03   3.0805063e-01   3.2502986e-01   2.4158552e-01   2.8212159e-01   2.6964817e-01
   5.7400000e+03   3.2639576e-01   3.0855825e-01   2.6287046e-01   2.6337817e-01   2.7724064e-01
   5.7500000e+03   2.9654746e-01   2.9788369e-01   2.9039196e-01   2.7007760e-01   2.4835893e-01
   5.7600000e+03   2.5516543e-01   2.7808400e-01   3.0503001e-01   2.8489547e-01   2.6388408e-01
   5.7700000e+03   2.3936049e-01   3.0587971e-01   2.9063930e-01   3.0517622e-01   2.7382316e-01
   5.7800000e+03   2.6487168e-01   3.2482570e-01   2.8564086e-01   2.9073114e-01   2.7998649e-01
   5.7900000e+03   3.0749102e-01   3.0428882e-01   3.1011694e-01   2.9298681e-01   3.0784315e-01
   5.8000000e+03   3.5462418e-01   2.8348217e-01   3.1315245e-01   3.0157261e-01   3.1022132e-01
   5.8100000e+03   3.1744180e-01   2.8893679e-01   2.8469619e-01   2.6295233e-01   2.7001869e-01
   5.8200000e+03   2.5437781e-01   2.7581250e-01   2.6419199e-01   2.5300750e-01   2.4686737e-01
   5.8300000e+03   2.0602604e-01   2.7327483e-01   2.5183096e-01   2.8344896e-01   2.5973594e-01
   5.8400000e+03   2.4993490e-01   2.8335610e-01   2.6190445e-01   2.9567624e-01   2.7478601e-01
   5.8500000e+03   3.4832629e-01   3.1072888e-01   3.0468692e-01   2.9886880e-01   2.8467032e-01
   5.8600000e+03   3.8101501e-01   3.1431563e-01   3.2873801e-01   3.0964447e-01   2.7146988e-01
   5.8700000e+03   3.4151033e-01   3.1248818e-01   3.2232793e-01   2.5725795e-01   2.8778202e-01
   5.8800000e+03   2.5319416e-01   2.9665797e-01   2.8775361e-01   2.8246705e-01   2.9705882e-01
   5.8900000e+03   2.1810981e-01   2.6024417e-01   2.7519181e-01   2.8688531e-01   2.8560981e-01
   5.9000000e+03   3.2133998e-01   2.8660852e-01   2.8247343e-01   2.6296290e-01   2.5982335e-01
   5.9100000e+03   3.7632763e-01   3.2775041e-01   3.0229280e-01   2.9813385e-01   2.5503444e-01
   5.9200000e+03   3.5903870e-01   3.2764286e-01   2.8563104e-01   2.8344813e-01   2.8202196e-01
   5.9300000e+03   3.1627184e-01   3.2008034e-01   2.9743597e-01   2.6713759e-01   2.7833157e-01
   5.9400000e+03   2.8215041e-01   2.7111627e-01   2.9877912e-01   2.9083566e-01   3.0023661e-01
   5.9500000e+03   2.7977880e-01   2.7653397e-01   2.7153172e-01   2.9509724e-01   2.8324687e-01
   5.9600000e+03   2.6114525e-01   2.8423855e-01   2.6381720e-01   2.7560928e-01   2.6902130e-01
   5.9700000e+03   2.4305439e-01   3.1719942e-01   2.9221443e-01   2.8782289e-01   2.8892704e-01
   5.9800000e+03   2.9104142e-01   3.6435268e-01   3.1827455e-01   2.9542372e-01   2.7912725e-01
   5.9900000e+03   3.3114703e-01   3.4485878e-01   3.0486139e-01   2.8543770e-01   2.7998562e-01
   6.0000000e+03   3.2062185e-01   2.7904910e-01   2.5972212e-01   2.9916559e-01   2.5421814e-01
   6.0100000e+03   3.0421704e-01   2.5808959e-01   2.5387010e-01   2.6892205e-01   2.5040868e-01
   6.0200000e+03   2.6215475e-01   2.7217623e-01   2.6091566e-01   2.7286851e-01   2.5713562e-01
   6.0300000e+03   2.3069572e-01   3.2394357e-01   2.9546330e-01   2.8032636e-01   2.6840580e-01
   6.0400000e+03   2.6053806e-01   3.3807260e-01   2.8543632e-01   2.8361678e-01   2.5974166e-01
   6.0500000e+03   3.4405786e-01   3.1736230e-01   2.7336597e-01   2.7939939e-01   2.8039163e-01
   6.0600000e+03   3.7086014e-01   2.9384296e-01   2.7711225e-01   3.1028915e-01   2.9617840e-01
   6.0700000e+03   3.2623654e-01   2.6612565e-01   2.8204631e-01   2.8586797e-01   2.8379882e-01
   6.0800000e+03   2.2816048e-01   2.7026031e-01   2.9800047e-01   2.7564300e-01   2.6607662e-01
   6.0900000e+03   1.9184491e-01   3.1030877e-01   3.0559128e-01   2.6764450e-01   2.6512713e-01
   6.1000000e+03   2.8441609e-01   3.3447629e-01   2.9091156e-01   2.6851276e-01   2.6169264e-01
   6.1100000e+03   3.6326116e-01   3.2149674e-01   2.8426077e-01   2.8736939e-01   2.5770574e-01
   6.1200000e+03   3.8836575e-01   2.8420334e-01   2.4568810e-01   3.0705448e-01   2.7667411e-01
   6.1300000e+03   3.2853455e-01   2.6448471e-01   2.4985284e-01   2.9444084e-01   2.6403675e-01
   6.1400000e+03   2.4908752e-01   2.9065291e-01   2.7461048e-01   2.5910650e-01   2.9228413e-01
   6.1500000e+03   2.3885392e-01   3.0812233e-01   3.1011047e-01   2.5061158e-01   3.0196596e-01
   6.1600000e+03   3.0094764e-01   3.4548408e-01   3.2823949e-01   2.8092259e-01   2.6706247e-01
   6.1700000e+03   3.2262827e-01   3.2703019e-01   3.0943215e-01   3.1033353e-01   2.7834825e-01
   6.1800000e+03   3.3286669e-01   3.1087804e-01   2.9118458e-01   3.2783200e-01   2.8280944e-01
   6.1900000e+03   3.0327421e-01   2.7549227e-01   2.7316341e-01   2.9015854e-01   2.8743243e-01
   6.2000000e+03   2.8984885e-01   2.8214480e-01   2.7149251e-01   2.6745249e-01   2.7154491e-01
   6.2100000e+03   2.6706287e-01   3.3143624e-01   2.8984347e-01   2.7445218e-01   2.4285978e-01
   6.2200000e+03   2.6355184e-01   3.0185245e-01   3.0371243e-01   2.5919498e-01   2.6444076e-01
   6.2300000e+03   3.1271134e-01   3.3715038e-01   2.8698153e-01   2.8713486e-01   2.8650509e-01
   6.2400000e+03   2.9686263e-01   3.1445792e-01   2.8554060e-01   3.0174420e-01   3.0000503e-01
   6.2500000e+03   2.9579841e-01   2.8517170e-01   2.7590254e-01   3.0722732e-01   3.0132643e-01
   6.2600000e+03   2.8627288e-01   2.6668126e-01   2.8349820e-01   3.0072311e-01   2.8712622e-01
   6.2700000e+03   2.7502767e-01   2.9225546e-01   3.1068061e-01   2.7655403e-01   2.6795115e-01
   6.2800000e+03   2.5037698e-01   3.4437245e-01   2.8908223e-01   2.5364079e-01   2.6343348e-01
   6.2900000e+03   2.5221242e-01   3.3816952e-01   2.6700098e-01   2.8678755e-01   2.7675716e-01
   6.3000000e+03   2.9271205e-01   3.0314523e-01   2.6217543e-01   3.1615742e-01   2.7486343e-01
   6.3100000e+03   3.3687585e-01   2.8628471e-01   2.9023284e-01   2.9368385e-01   2.6283662e-01
   6.3200000e+03   3.4482283e-01   2.5971263e-01   2.9543379e-01   3.0511737e-01   2.7680300e-01
   6.3300000e+03   3.0175573e-01   2.9497634e-01   3.1855556e-01   2.7731202e-01   2.9248982e-01
   6.3400000e+03   3.0169109e-01   3.4193254e-01   2.7579846e-01   2.6493635e-01   3.0443922e-01
   6.3500000e+03   2.7957398e-01   3.5316617e-01   2.6866749e-01   2.8440709e-01   2.8445225e-01
   6.3600000e+03   2.7921122e-01   3.1054373e-01   2.7535480e-01   2.8692336e-01   2.5966019e-01
   6.3700000e+03   3.4850447e-01   2.8627064e-01   2.8165668e-01   2.9591774e-01   2.4569429e-01
   6.3800000e+03   3.5664530e-01   3.0804242e-01   3.3058299e-01   2.7750582e-01   2.5994208e-01
   6.3900000e+03   3.2497937e-01   2.9653937e-01   3.2691971e-01   2.8042171e-01   2.6333125e-01
   6.4000000e+03   2.6064936e-01   2.8964458e-01   2.7768705e-01   2.6703458e-01   2.7823623e-01
   6.4100000e+03   2.4926851e-01   3.0383704e-01   2.5785260e-01   2.9587783e-01   2.9923671e-01
   6.4200000e+03   2.8911275e-01   3.3829199e-01   2.7667839e-01   2.9204578e-01   2.6790991e-01
   6.4300000e+03   3.3451918e-01   3.2945808e-01   2.6966279e-01   2.7641962e-01   2.5370215e-01
   6.4400000e+03   3.7097964e-01   2.7781734e-01   3.1562471e-01   2.9493817e-01   2.7953173e-01
   6.4500000e+03   3.2229382e-01   2.7401985e-01   2.9707987e-01   2.7620484e-01   2.8029132e-01
   6.4600000e+03   2.5840528e-01   2.9186871e-01   2.8296714e-01   2.7919752e-01   2.7808376e-01
   6.4700000e+03   2.1031000e-01   3.0778966e-01   3.0136107e-01   2.9439618e-01   2.6385632e-01
   6.4800000e+03   2.2910194e-01   3.5555207e-01   2.9314803e-01   2.8079363e-01   2.4896694e-01
   6.4900000e+03   3.0660753e-01   3.3745005e-01   2.9167956e-01   2.6363593e-01   2.6510439e-01
   6.5000000e+03   3.5308989e-01   2.9114460e-01   2.8742332e-01   2.8995222e-01   2.7777874e-01
   6.5100000e+03   2.8847482e-01   2.6471044e-01   2.8945173e-01   2.7595918e-01   2.8223100e-01
   6.5200000e+03   2.8119214e-01   2.5947415e-01   2.8213830e-01   2.9157327e-01   2.8812499e-01
   6.5300000e+03   2.5548206e-01   2.9856490e-01   2.9151669e-01   3.0007375e-01   2.7815177e-01
   6.5400000e+03   2.6020524e-01   3.2436156e-01   2.8942117e-01   2.7041616e-01   2.7777606e-01
   6.5500000e+03   2.9200817e-01   3.2033388e-01   3.0394773e-01   2.9022884e-01   2.8933253e-01
   6.5600000e+03   3.3488366e-01   2.9292843e-01   3.0323473e-01   2.8298077e-01   2.8583508e-01
   6.5700000e+03   3.2264737e-01   2.9317306e-01   2.9120760e-01   2.7342831e-01   2.4681589e-01
   6.5800000e+03   3.1079322e-01   2.7682434e-01   2.9455083e-01   2.8182084e-01   2.5452550e-01
   6.5900000e+03   3.2233277e-01   3.1664284e-01   3.0026373e-01   2.7745075e-01   2.8421647e-01
   6.6000000e+03   2.9386050e-01   3.3671845e-01   2.7498388e-01   2.8637945e-01   2.9696059e-01
   6.6100000e+03   2.6260585e-01   3.4909793e-01   2.6881957e-01   2.8817459e-01   3.1442500e-01
   6.6200000e+03   2.5409972e-01   3.2625856e-01   3.1598716e-01   2.8232709e-01   2.7939714e-01
   6.6300000e+03   3.0026375e-01   2.8295836e-01   2.9352476e-01   2.7183792e-01   2.4750598e-01
   6.6400000e+03   3.6856760e-01   2.8205747e-01   2.9412652e-01   2.8733898e-01   2.7590173e-01
   6.6500000e+03   3.0431648e-01   2.9983807e-01   2.7992563e-01   2.8135888e-01   2.7965935e-01
   6.6600000e+03   3.2506814e-01   3.0043165e-01   2.6819002e-01   2.7169309e-01   2.6930810e-01
   6.6700000e+03   2.5460717e-01   3.4332239e-01   2.9734048e-01   2.8928029e-01   2.6610811e-01
   6.6800000e+03   2.6343480e-01   3.1449501e-01   3.0663011e-01   2.7265801e-01   2.5742537e-01
   6.6900000e+03   3.0550972e-01   2.8790486e-01   3.1773940e-01   2.7477450e-01   2.6783787e-01
   6.7000000e+03   3.1345292e-01   2.5829891e-01   2.9161477e-01   2.9221151e-01   2.9907882e-01
   6.7100000e+03   3.0346615e-01   2.5078907e-01   2.3930996e-01   2.8925338e-01   2.9173317e-01
   6.7200000e+03   2.6525006e-01   3.0963774e-01   2.3401897e-01   2.8073589e-01   2.7237526e-01
   6.7300000e+03   2.6444273e-01   3.6191203e-01   2.6659987e-01   2.9383209e-01   2.5550759e-01
   6.7400000e+03   2.7190172e-01   3.5748059e-01   3.1146752e-01   2.9000841e-01   2.5411897e-01
   6.7500000e+03   2.9300961e-01   2.8998716e-01   3.1795329e-01   2.8661657e-01   2.6850537e-01
   6.7600000e+03   3.1563632e-01   2.4515968e-01   3.1035832e-01   2.7778151e-01   2.8143104e-01
   6.7700000e+03   2.8969087e-01   2.5263033e-01   2.7269249e-01   2.8095137e-01   2.7627437e-01
   6.7800000e+03   2.9651848e-01   3.0230365e-01   2.5680162e-01   2.8402566e-01   2.6755375e-01
   6.7900000e+03   2.7143367e-01   3.4052748e-01   2.6720711e-01   2.9444937e-01   2.6715310e-01
   6.8000000e+03   3.1373286e-01   3.3340809e-01   2.9721927e-01   2.8773182e-01   2.7911237e-01
   6.8100000e+03   3.1692429e-01   3.2217517e-01   2.9356453e-01   2.8712848e-01   2.8438089e-01
   6.8200000e+03   2.9000608e-01   2.7554942e-01   2.8882292e-01   2.8393900e-01   2.8838460e-01
   6.8300000e+03   2.9051688e-01   2.4358452e-01   2.6109111e-01   2.6609879e-01   2.6015746e-01
   6.8400000e+03   2.9317633e-01   2.7763840e-01   2.6160604e-01   2.6766345e-01   2.4959296e-01
   6.8500000e+03   3.2188402e-01   3.1215826e-01   2.7504947e-01   2.8298962e-01   2.4863955e-01
   6.8600000e+03   2.8932376e-01   3.6374324e-01   3.1279245e-01   3.0686643e-01   2.7021530e-01
   6.8700000e+03   2.9129159e-01   3.6108951e-01   3.1064694e-01   3.0857221e-01   3.0394785e-01
   6.8800000e+03   3.2928876e-01   2.7205956e-01   2.8571216e-01   2.8144159e-01   2.8095458e-01
   6.8900000e+03   3.8716829e-01   2.3872165e-01   2.8116341e-01   2.6196218e-01   2.7462768e-01
   6.9000000e+03   3.1683772e-01   2.6206311e-01   2.5623817e-01   2.8607760e-01   2.7880910e-01
   6.9100000e+03   2.8950840e-01   3.4449946e-01   2.7312063e-01   3.0601925e-01   2.8629655e-01
   6.9200000e+03   2.9298597e-01   3.7026531e-01   2.8637573e-01   2.9598703e-01   2.8001111e-01
   6.9300000e+03   2.4678559e-01   3.3731372e-01   3.0378191e-01   2.9358217e-01   2.8073540e-01
   6.9400000e+03   2.6997024e-01   2.8119520e-01   3.0978622e-01   2.6810836e-01   2.5701966e-01
   6.9500000e+03   2.9512636e-01   2.4029106e-01   2.8918394e-01   2.6285952e-01   2.7222844e-01
   6.9600000e+03   3.0123498e-01   2.4098914e-01   2.8142253e-01   2.8092417e-01   2.6980808e-01
   6.9700000e+03   2.6119467e-01   2.9582106e-01   2.8764642e-01   2.8612963e-01   2.8733364e-01
   6.9800000e+03   2.7299476e-01   3.4571668e-01   2.9920559e-01   2.9556481e-01   2.7833573e-01
   6.9900000e+03   2.7925485e-01   3.3618309e-01   3.0585514e-01   2.9159729e-01   2.7163850e-01
   7.0000000e+03   2.5115911e-01   2.9951970e-01   2.7869852e-01   2.7634050e-01   2.6681753e-01
   7.0100000e+03   2.5539198e-01   2.6826827e-01   2.6761387e-01   2.7843486e-01   3.0539480e-01
   7.0200000e+03   2.9954905e-01   2.3930305e-01   2.5939771e-01   2.7844761e-01   2.8382789e-01
   7.0300000e+03   3.1303495e-01   2.8014004e-01   2.7376547e-01   2.8370893e-01   2.5724203e-01
   7.0400000e+03   3.3700736e-01   3.2814543e-01   3.2228772e-01   2.8404354e-01   2.4754416e-01
   7.0500000e+03   2.8484998e-01   3.2978177e-01   3.2596359e-01   2.9082921e-01   2.8318585e-01
   7.0600000e+03   2.5002268e-01   3.0942468e-01   3.2336298e-01   2.8500281e-01   2.8575857e-01
   7.0700000e+03   2.8573162e-01   2.7115848e-01   2.8530462e-01   2.7233832e-01   2.7795960e-01
   7.0800000e+03   3.0812435e-01   2.6252404e-01   2.6480436e-01   2.9208965e-01   2.8666936e-01
   7.0900000e+03   3.5894163e-01   3.0346210e-01   2.7925881e-01   2.8819694e-01   2.6995874e-01
   7.1000000e+03   3.7114059e-01   3.2542061e-01   2.7578765e-01   2.8910804e-01   2.5655828e-01
   7.1100000e+03   2.9951717e-01   3.3258948e-01   2.8861475e-01   2.8791890e-01   2.4986496e-01
   7.1200000e+03   2.5499360e-01   3.1848831e-01   2.7849538e-01   2.7596745e-01   2.5245807e-01
   7.1300000e+03   2.7865563e-01   2.8134690e-01   2.7800355e-01   2.7851268e-01   2.8370458e-01
   7.1400000e+03   3.1087580e-01   2.6754808e-01   2.8434795e-01   2.7984946e-01   2.7947537e-01
   7.1500000e+03   3.0761199e-01   2.7207482e-01   3.1232690e-01   2.5994651e-01   2.7003511e-01
   7.1600000e+03   3.0215541e-01   2.8277239e-01   2.8147548e-01   2.7287013e-01   2.7195939e-01
   7.1700000e+03   2.9980930e-01   3.1373393e-01   3.0060889e-01   2.8837988e-01   2.8078647e-01
   7.1800000e+03   2.8263359e-01   3.3290282e-01   2.8881662e-01   2.8626710e-01   2.8725813e-01
   7.1900000e+03   2.9956833e-01   3.1510819e-01   2.6880802e-01   3.0522132e-01   2.8631647e-01
   7.2000000e+03   2.9026546e-01   2.9678505e-01   2.7438946e-01   2.8481817e-01   2.8039348e-01
   7.2100000e+03   3.1898833e-01   2.5878434e-01   2.9164487e-01   2.9534007e-01   2.6790082e-01
   7.2200000e+03   2.8522483e-01   2.9462107e-01   2.8700064e-01   2.8080291e-01   2.6440326e-01
   7.2300000e+03   2.8274085e-01   3.4565829e-01   2.8700713e-01   2.6968418e-01   2.7634588e-01
   7.2400000e+03   3.1180568e-01   3.4180468e-01   2.9927465e-01   2.5096794e-01   2.7970632e-01
   7.2500000e+03   2.8549200e-01   3.0664926e-01   3.0121201e-01   2.9381658e-01   2.8217544e-01
   7.2600000e+03   2.7719093e-01   2.8964527e-01   3.1560823e-01   3.0576831e-01   2.8158934e-01
   7.2700000e+03   2.4250168e-01   2.7296245e-01   2.9366369e-01   2.9273587e-01   2.7784604e-01
   7.2800000e+03   2.6697921e-01   2.6684919e-01   2.6981599e-01   2.7778689e-01   2.7888647e-01
   7.2900000e+03   3.1371790e-01   3.0497544e-01   2.6055845e-01   2.5610528e-01   2.6616237e-01
   7.3000000e+03   3.4198075e-01   3.4172713e-01   2.7760514e-01   2.5586222e-01   2.4709552e-01
   7.3100000e+03   3.3686671e-01   3.4477792e-01   2.7729651e-01   2.9789390e-01   2.7009529e-01
   7.3200000e+03   2.6200221e-01   3.2688343e-01   3.0286107e-01   3.0389445e-01   2.8797814e-01
   7.3300000e+03   2.5374751e-01   2.8704646e-01   3.0590269e-01   3.0224266e-01   2.9281969e-01
   7.3400000e+03   2.8996021e-01   2.7423389e-01   3.0229520e-01   2.7101535e-01   2.9072800e-01
   7.3500000e+03   3.5875786e-01   2.6824860e-01   2.9392099e-01   2.6105272e-01   2.8798012e-01
   7.3600000e+03   3.5967454e-01   3.0074259e-01   2.8970014e-01   2.7432274e-01   2.6871521e-01
   7.3700000e+03   2.8805025e-01   3.2478724e-01   2.9070707e-01   3.1310025e-01   2.8489032e-01
   7.3800000e+03   2.5591912e-01   3.2518124e-01   3.1422080e-01   3.0716644e-01   2.6312302e-01
   7.3900000e+03   2.6852220e-01   2.8998889e-01   2.9244628e-01   3.0373383e-01   2.8040304e-01
   7.4000000e+03   3.1975641e-01   2.5725343e-01   2.7528593e-01   2.8206082e-01   2.7677374e-01
   7.4100000e+03   3.2808366e-01   2.5174164e-01   2.5043598e-01   2.7122443e-01   2.5179064e-01
   7.4200000e+03   3.0725660e-01   3.1258127e-01   2.6075857e-01   2.7627260e-01   2.3218943e-01
   7.4300000e+03   2.8797500e-01   3.5969301e-01   2.9363281e-01   2.8825850e-01   2.8159074e-01
   7.4400000e+03   2.4272724e-01   3.4491843e-01   3.2055262e-01   2.8988349e-01   2.9402113e-01
   7.4500000e+03   2.6649162e-01   2.8595570e-01   3.1897490e-01   2.7896330e-01   2.8109395e-01
   7.4600000e+03   3.0137305e-01   2.3764909e-01   2.7765877e-01   3.0590326e-01   2.6691653e-01
   7.4700000e+03   3.1163496e-01   2.6610554e-01   2.6351921e-01   2.8976285e-01   2.5079593e-01
   7.4800000e+03   2.8935572e-01   3.0926659e-01   2.6867184e-01   2.8390073e-01   2.5911349e-01
   7.4900000e+03   2.6626492e-01   3.4131534e-01   2.7289364e-01   2.7887272e-01   2.7647305e-01
   7.5000000e+03   2.9074208e-01   3.3854309e-01   2.9009014e-01   2.7608307e-01   2.7799944e-01
   7.5100000e+03   2.6972350e-01   2.9170526e-01   2.8922416e-01   2.6551950e-01   2.7099270e-01
   7.5200000e+03   2.9420174e-01   2.6179206e-01   3.0636089e-01   2.9269352e-01   2.9268123e-01
   7.5300000e+03   3.1960033e-01   2.7613535e-01   2.7794845e-01   2.9194884e-01   2.7997608e-01
   7.5400000e+03   2.8417406e-01   3.1200868e-01   2.6092060e-01   2.8169956e-01   2.6761460e-01
   7.5500000e+03   3.2731165e-01   3.6264104e-01   2.4691329e-01   2.8223642e-01   2.7228382e-01
   7.5600000e+03   3.5144523e-01   3.5521296e-01   3.0080596e-01   2.7729226e-01   2.7121174e-01
   7.5700000e+03   2.8952452e-01   2.9242405e-01   3.2418147e-01   2.8978226e-01   2.8432791e-01
   7.5800000e+03   2.5080987e-01   2.4647933e-01   2.9579425e-01   3.0086286e-01   2.9078928e-01
   7.5900000e+03   2.7000955e-01   2.5282114e-01   2.5965759e-01   2.8761553e-01   2.6631664e-01
   7.6000000e+03   2.9105452e-01   3.3292542e-01   2.3880632e-01   3.0008772e-01   2.6794189e-01
   7.6100000e+03   3.4292232e-01   3.6368336e-01   2.7382178e-01   2.6531128e-01   2.6592428e-01
   7.6200000e+03   3.4571849e-01   3.4510828e-01   2.9424219e-01   2.6395578e-01   2.8724388e-01
   7.6300000e+03   2.8387890e-01   3.1319365e-01   3.1988292e-01   2.7813188e-01   2.7749308e-01
   7.6400000e+03   2.4530519e-01   2.5595051e-01   3.0555130e-01   2.7978044e-01   2.7973125e-01
   7.6500000e+03   2.3950620e-01   2.5085556e-01   2.9620481e-01   2.9384846e-01   2.5911818e-01
   7.6600000e+03   3.2175255e-01   2.9096386e-01   2.9174976e-01   2.8639364e-01   2.6473953e-01
   7.6700000e+03   3.5462722e-01   3.3881296e-01   2.7414354e-01   3.0056235e-01   2.6628301e-01
   7.6800000e+03   3.4682855e-01   3.5382790e-01   2.8609983e-01   2.7818565e-01   2.6074983e-01
   7.6900000e+03   2.8624073e-01   3.0474387e-01   3.0393060e-01   2.5725139e-01   2.8024909e-01
   7.7000000e+03   2.3260772e-01   2.6538116e-01   2.7842862e-01   2.6157710e-01   2.9436627e-01
   7.7100000e+03   2.1732626e-01   2.5726236e-01   2.8472181e-01   2.8977666e-01   2.7952400e-01
   7.7200000e+03   3.0030947e-01   3.1141228e-01   2.8213234e-01   3.0513175e-01   2.6744675e-01
   7.7300000e+03   3.2331994e-01   3.5202621e-01   2.8124884e-01   3.0562885e-01   2.6292233e-01
   7.7400000e+03   3.2031776e-01   3.3545563e-01   3.0237832e-01   2.9631481e-01   2.7815116e-01
   7.7500000e+03   2.9846468e-01   3.2604797e-01   2.7738151e-01   2.7379249e-01   2.8382197e-01
   7.7600000e+03   2.8581778e-01   2.8671237e-01   2.8838108e-01   2.7895195e-01   2.6292367e-01
   7.7700000e+03   2.9790327e-01   2.6526447e-01   3.0683248e-01   2.8208453e-01   2.6646136e-01
   7.7800000e+03   2.9603325e-01   2.8339466e-01   3.0024250e-01   2.9746844e-01   2.7204936e-01
   7.7900000e+03   3.0837108e-01   2.9112258e-01   2.9270524e-01   2.7745325e-01   2.7109247e-01
   7.8000000e+03   2.9721801e-01   3.3238406e-01   2.8967469e-01   2.7648011e-01   2.6214392e-01
   7.8100000e+03   3.0911524e-01   3.0952710e-01   2.8718352e-01   2.8077223e-01   2.8953436e-01
   7.8200000e+03   3.3374677e-01   2.8854837e-01   2.8364743e-01   2.8742884e-01   2.8577801e-01
   7.8300000e+03   2.7832328e-01   3.0235575e-01   2.9511768e-01   2.7036280e-01   2.9042235e-01
   7.8400000e+03   2.9259044e-01   2.9525411e-01   3.0346861e-01   2.6483415e-01   2.4201630e-01
   7.8500000e+03   2.8214022e-01   3.1255278e-01   2.9714974e-01   3.0091734e-01   2.4009949e-01
   7.8600000e+03   3.0192786e-01   3.0860401e-01   2.8708950e-01   2.9083042e-01   2.7885489e-01
   7.8700000e+03   3.0832904e-01   3.2850860e-01   2.7750079e-01   2.9947625e-01   2.9565059e-01
   7.8800000e+03   3.4329967e-01   3.2599850e-01   3.0509394e-01   2.9883412e-01   3.0311304e-01
   7.8900000e+03   3.0344300e-01   2.8776175e-01   3.0831914e-01   2.5767143e-01   2.8918489e-01
   7.9000000e+03   2.6833592e-01   2.8089211e-01   2.9452216e-01   2.6103643e-01   2.5965390e-01
   7.9100000e+03   2.6062548e-01   2.8468374e-01   2.6803958e-01   2.5845061e-01   2.6171856e-01
   7.9200000e+03   2.7742331e-01   3.3193040e-01   2.7702219e-01   2.7947021e-01   2.6526458e-01
   7.9300000e+03   3.2257379e-01   3.3160847e-01   2.8339981e-01   3.0866182e-01   2.8641147e-01
   7.9400000e+03   3.0383785e-01   3.2324455e-01   3.1767006e-01   3.1569766e-01   2.9231721e-01
   7.9500000e+03   2.8999399e-01   3.0699390e-01   3.1799915e-01   2.7819210e-01   2.7829171e-01
   7.9600000e+03   2.5077308e-01   2.8874480e-01   2.7510535e-01   2.8075827e-01   2.8277673e-01
   7.9700000e+03   2.5293392e-01   2.6858066e-01   2.6151266e-01   2.6920081e-01   2.5557747e-01
   7.9800000e+03   3.1100298e-01   2.6848888e-01   2.6402876e-01   2.8696259e-01   2.6363250e-01
   7.9900000e+03   3.1290180e-01   3.0912847e-01   2.8404974e-01   2.9862181e-01   2.7332070e-01
   8.0000000e+03   3.3550214e-01   3.5835040e-01   3.0778777e-01   2.9794029e-01   2.8397521e-01
   8.0100000e+03   3.0076927e-01   3.1327968e-01   2.8970747e-01   2.7091996e-01   2.7037210e-01
   8.0200000e+03   2.2999927e-01   2.6853847e-01   2.5723480e-01   2.7337839e-01   2.5590760e-01
   8.0300000e+03   2.2335771e-01   2.6653162e-01   3.1094615e-01   2.7119801e-01   2.5895042e-01
   8.0400000e+03   2.9897735e-01   2.9834007e-01   2.9565976e-01   2.9449580e-01   2.6611806e-01
   8.0500000e+03   3.6624031e-01   3.3167340e-01   3.0394633e-01   2.9626033e-01   2.8633068e-01
   8.0600000e+03   3.5927163e-01   3.6274103e-01   2.8124342e-01   2.9531832e-01   2.8375233e-01
   8.0700000e+03   3.3176328e-01   3.1800339e-01   2.6646167e-01   2.9368991e-01   2.7451855e-01
   8.0800000e+03   2.7581149e-01   2.6754131e-01   2.8539384e-01   2.7721263e-01   2.7721501e-01
   8.0900000e+03   2.4755162e-01   2.2830893e-01   3.2187783e-01   2.5641539e-01   2.8140671e-01
   8.1000000e+03   2.9722578e-01   2.6234004e-01   3.0598999e-01   2.7630537e-01   2.7037932e-01
   8.1100000e+03   3.3002985e-01   3.0997491e-01   2.8489088e-01   2.8023717e-01   2.7102411e-01
   8.1200000e+03   3.2929721e-01   3.5783166e-01   2.8111941e-01   2.9640323e-01   2.7026122e-01
   8.1300000e+03   2.9780070e-01   3.4444392e-01   2.6780375e-01   3.0232891e-01   2.5411834e-01
   8.1400000e+03   2.8552020e-01   2.9795823e-01   3.0019090e-01   3.0954619e-01   2.7487493e-01
   8.1500000e+03   2.7837570e-01   2.6555352e-01   3.0644173e-01   2.6934609e-01   2.6824959e-01
   8.1600000e+03   2.5184892e-01   2.7002867e-01   3.0332426e-01   2.6577132e-01   2.6937316e-01
   8.1700000e+03   2.6169060e-01   3.1323579e-01   2.9533229e-01   2.7948804e-01   2.9029405e-01
   8.1800000e+03   3.2702499e-01   3.2875893e-01   2.8137021e-01   2.8832635e-01   2.7319789e-01
   8.1900000e+03   3.4301824e-01   3.3240716e-01   2.6485711e-01   3.0041142e-01   2.5697201e-01
   8.2000000e+03   3.3896777e-01   3.0385576e-01   2.7957100e-01   2.9698557e-01   2.7465446e-01
   8.2100000e+03   2.8857605e-01   2.8953066e-01   2.8971612e-01   2.7447750e-01   2.8269333e-01
   8.2200000e+03   2.5803764e-01   2.9409323e-01   2.8188415e-01   2.6231986e-01   2.8387838e-01
   8.2300000e+03   2.4662623e-01   2.9196520e-01   2.9043120e-01   2.7997072e-01   2.6672911e-01
   8.2400000e+03   2.9165013e-01   3.0332509e-01   2.9612222e-01   2.9583386e-01   2.6588685e-01
   8.2500000e+03   3.5407422e-01   3.2587661e-01   3.0107731e-01   2.9685386e-01   2.7658728e-01
   8.2600000e+03   3.3188607e-01   3.3670365e-01   2.9085966e-01   2.9291959e-01   3.0395460e-01
   8.2700000e+03   3.2169745e-01   2.9602995e-01   2.8068915e-01   2.7130818e-01   2.8465821e-01
   8.2800000e+03   2.5399181e-01   2.5498249e-01   2.6020819e-01   2.7316616e-01   2.6653939e-01
   8.2900000e+03   2.4619632e-01   2.6459168e-01   2.5657253e-01   2.6950564e-01   2.7891600e-01
   8.3000000e+03   3.1600387e-01   3.0867731e-01   2.7236768e-01   2.7606343e-01   2.6718098e-01
   8.3100000e+03   3.3361390e-01   3.2551959e-01   2.8133517e-01   2.7089724e-01   2.8154307e-01
   8.3200000e+03   3.3385324e-01   3.2133390e-01   2.9175493e-01   2.9000283e-01   2.8664686e-01
   8.3300000e+03   2.8923568e-01   3.0530479e-01   3.1641122e-01   2.9653298e-01   2.9912929e-01
   8.3400000e+03   2.5962042e-01   3.0854825e-01   3.1128294e-01   2.8545080e-01   2.8412761e-01
   8.3500000e+03   2.7513302e-01   3.0056102e-01   2.8924415e-01   2.7810717e-01   2.5225087e-01
   8.3600000e+03   2.7874733e-01   2.9525538e-01   2.6863074e-01   2.7139497e-01   2.4782252e-01
   8.3700000e+03   3.0740661e-01   3.2863301e-01   2.5716591e-01   2.6453279e-01   2.8043074e-01
   8.3800000e+03   3.2593771e-01   3.5319401e-01   2.6601635e-01   2.6600859e-01   2.9091850e-01
   8.3900000e+03   2.9582896e-01   2.9455503e-01   2.8217828e-01   2.9537219e-01   2.8298985e-01
   8.4000000e+03   2.8586907e-01   2.3567431e-01   2.8540256e-01   2.9493075e-01   2.5227488e-01
   8.4100000e+03   2.8345107e-01   2.3963043e-01   3.1137730e-01   2.9273817e-01   2.4115596e-01
   8.4200000e+03   2.7444764e-01   2.9251276e-01   2.7823919e-01   2.7397312e-01   2.7463696e-01
   8.4300000e+03   3.2046344e-01   3.4171542e-01   2.7236736e-01   2.6887233e-01   3.0657020e-01
   8.4400000e+03   3.2125335e-01   3.3241631e-01   2.8817010e-01   2.6935833e-01   3.0133515e-01
   8.4500000e+03   2.7887821e-01   2.9744184e-01   2.8866236e-01   2.8940596e-01   2.7014283e-01
   8.4600000e+03   2.9435694e-01   2.7135001e-01   3.0651472e-01   3.1327724e-01   2.4823914e-01
   8.4700000e+03   2.5561706e-01   2.8002345e-01   3.1623986e-01   2.7762913e-01   2.4249489e-01
   8.4800000e+03   2.4273899e-01   2.9581116e-01   2.8081920e-01   2.6739034e-01   2.4882463e-01
   8.4900000e+03   2.9492596e-01   3.2614771e-01   2.6922092e-01   2.7334105e-01   2.8956411e-01
   8.5000000e+03   3.2691733e-01   3.4399083e-01   2.6386301e-01   2.8606473e-01   2.8959252e-01
   8.5100000e+03   3.0380169e-01   2.7896472e-01   3.0405698e-01   3.0090624e-01   2.5986737e-01
   8.5200000e+03   3.0202413e-01   2.6512815e-01   3.1785030e-01   2.8850893e-01   2.6878250e-01
   8.5300000e+03   3.0129386e-01   2.6655253e-01   3.0165928e-01   2.8403226e-01   2.9129169e-01
   8.5400000e+03   3.0573361e-01   3.1046884e-01   3.0374290e-01   2.7607540e-01   2.7444429e-01
   8.5500000e+03   2.8678911e-01   3.3486188e-01   2.9763245e-01   2.8526660e-01   2.9434824e-01
   8.5600000e+03   2.8530476e-01   3.2844365e-01   3.0936791e-01   2.8918860e-01   2.7862709e-01
   8.5700000e+03   3.2102773e-01   3.3380572e-01   2.7445436e-01   2.7292725e-01   2.5933206e-01
   8.5800000e+03   3.2008856e-01   2.7907718e-01   2.6899506e-01   2.6041745e-01   2.5401722e-01
   8.5900000e+03   2.9315037e-01   2.5882791e-01   2.7620510e-01   2.7403253e-01   2.5912272e-01
   8.6000000e+03   2.5348182e-01   2.9317038e-01   2.8204686e-01   3.0137290e-01   2.9324458e-01
   8.6100000e+03   2.7191951e-01   3.1411493e-01   3.0164894e-01   2.9532818e-01   3.0149673e-01
   8.6200000e+03   3.1397041e-01   3.2110404e-01   3.0620140e-01   2.9141278e-01   2.7467614e-01
   8.6300000e+03   3.1339146e-01   2.8977602e-01   3.0924570e-01   2.8137386e-01   2.6801378e-01
   8.6400000e+03   3.2612833e-01   2.9238353e-01   2.8669068e-01   2.9385182e-01   2.9094229e-01
   8.6500000e+03   3.5368631e-01   3.0995408e-01   2.8045351e-01   2.7971463e-01   3.0764591e-01
   8.6600000e+03   3.1067057e-01   3.0715131e-01   2.8519752e-01   2.8674183e-01   2.7920412e-01
   8.6700000e+03   2.4942640e-01   3.1256239e-01   2.7947915e-01   2.8340121e-01   2.5839646e-01
   8.6800000e+03   2.6855152e-01   3.0640495e-01   2.8651004e-01   2.9954519e-01   2.4487677e-01
   8.6900000e+03   2.9662059e-01   2.9241266e-01   2.5361361e-01   2.9754238e-01   2.6679762e-01
   8.7000000e+03   3.5005063e-01   2.8709576e-01   2.7549721e-01   2.8090783e-01   2.7841674e-01
   8.7100000e+03   3.2528694e-01   2.7657148e-01   3.1148862e-01   2.6798344e-01   2.8545363e-01
   8.7200000e+03   2.5635246e-01   2.9654490e-01   3.1611186e-01   2.4987171e-01   2.7853714e-01
   8.7300000e+03   2.6186639e-01   3.0282153e-01   3.0186304e-01   2.7376463e-01   2.7348134e-01
   8.7400000e+03   2.8896852e-01   2.8931062e-01   2.7558712e-01   3.1301630e-01   2.5093734e-01
   8.7500000e+03   3.3312282e-01   2.9225855e-01   2.7117158e-01   3.1432081e-01   2.5558193e-01
   8.7600000e+03   3.4708463e-01   3.2240222e-01   2.6415862e-01   2.7772354e-01   2.8035599e-01
   8.7700000e+03   2.6055933e-01   3.3193150e-01   3.0606910e-01   2.6731192e-01   2.8302342e-01
   8.7800000e+03   2.7726022e-01   3.1799188e-01   3.1818099e-01   2.6317852e-01   2.7363485e-01
   8.7900000e+03   2.8082748e-01   2.8901190e-01   3.0819215e-01   2.8063907e-01   2.7294812e-01
   8.8000000e+03   2.8984972e-01   2.9030548e-01   2.8634433e-01   3.1820576e-01   2.5443633e-01
   8.8100000e+03   2.9951857e-01   3.0209084e-01   2.5751444e-01   2.9016857e-01   2.9042098e-01
   8.8200000e+03   2.8141563e-01   3.1632078e-01   2.7420273e-01   2.8691185e-01   2.8865157e-01
   8.8300000e+03   2.7940490e-01   3.1437937e-01   3.2065466e-01   2.9517072e-01   2.5829412e-01
   8.8400000e+03   2.7738608e-01   2.6133848e-01   3.0320903e-01   2.6221274e-01   2.7298460e-01
   8.8500000e+03   2.8740555e-01   2.6164981e-01   3.1690038e-01   2.7731282e-01   2.6266236e-01
   8.8600000e+03   3.1677440e-01   3.0045174e-01   2.6794845e-01   2.7988761e-01   2.6160383e-01
   8.8700000e+03   2.9390049e-01   3.4540884e-01   2.4931899e-01   2.7149767e-01   2.8124723e-01
   8.8800000e+03   2.8286503e-01   3.7541179e-01   2.5505939e-01   2.9364937e-01   2.8176554e-01
   8.8900000e+03   2.9900335e-01   3.1218153e-01   2.8144061e-01   3.0365224e-01   2.8159427e-01
   8.9000000e+03   2.7226228e-01   2.6907798e-01   2.9937925e-01   2.8512782e-01   2.9637432e-01
   8.9100000e+03   2.8810625e-01   2.4313610e-01   3.1052973e-01   2.6282205e-01   2.9574287e-01
   8.9200000e+03   3.0530537e-01   2.7189624e-01   3.1137687e-01   2.6160943e-01   2.7282075e-01
   8.9300000e+03   3.0819815e-01   3.2862558e-01   2.8677681e-01   2.6991668e-01   2.6398446e-01
   8.9400000e+03   2.9856199e-01   3.3829186e-01   2.9744592e-01   3.0435360e-01   2.4788781e-01
   8.9500000e+03   3.0082203e-01   3.2066021e-01   2.6895300e-01   3.1006255e-01   2.4934807e-01
   8.9600000e+03   3.2454681e-01   2.8388735e-01   2.5632743e-01   2.9906854e-01   2.8528018e-01
   8.9700000e+03   3.1040507e-01   2.4383063e-01   2.9080980e-01   2.6775679e-01   2.9104956e-01
   8.9800000e+03   3.0726177e-01   2.8910715e-01   2.9495491e-01   2.7144278e-01   2.8563231e-01
   8.9900000e+03   2.7600748e-01   3.2518389e-01   2.9828003e-01   2.7247099e-01   2.8431356e-01
   9.0000000e+03   2.9954069e-01   3.6523308e-01   2.7229281e-01   3.0402398e-01   2.7785156e-01
   9.0100000e+03   3.3481210e-01   3.4207429e-01   2.5567444e-01   2.8446003e-01   2.7681277e-01
   9.0200000e+03   3.0929953e-01   2.6074807e-01   2.6884379e-01   2.7657845e-01   2.9306585e-01
   9.0300000e+03   2.7562991e-01   2.2479317e-01   3.0348520e-01   2.8277271e-01   2.8895817e-01
   9.0400000e+03   2.6613821e-01   2.5801574e-01   3.1307345e-01   2.6557225e-01   2.6169194e-01
   9.0500000e+03   2.7733563e-01   3.1679153e-01   2.8551594e-01   2.6077263e-01   2.5668568e-01
   9.0600000e+03   3.0537362e-01   3.7153442e-01   2.8600149e-01   2.8735725e-01   2.6566463e-01
   9.0700000e+03   3.2806332e-01   3.5100586e-01   2.6078342e-01   3.0828320e-01   2.5707455e-01
   9.0800000e+03   3.1751208e-01   2.9808539e-01   2.6208393e-01   3.0022002e-01   2.7665542e-01
   9.0900000e+03   2.6953799e-01   2.5339995e-01   2.7948141e-01   2.7266639e-01   2.7286370e-01
   9.1000000e+03   2.2036812e-01   2.8275025e-01   2.9087179e-01   2.6609899e-01   2.8415016e-01
   9.1100000e+03   2.7356918e-01   3.3751030e-01   2.8603598e-01   2.7891273e-01   2.8780590e-01
   9.1200000e+03   3.4575516e-01   3.4192528e-01   2.8907963e-01   3.0028461e-01   2.8674766e-01
   9.1300000e+03   3.4442862e-01   3.0940068e-01   2.7840877e-01   2.9248295e-01   2.4212917e-01
   9.1400000e+03   3.0281504e-01   2.6837759e-01   2.8922004e-01   2.9205311e-01   2.4181663e-01
   9.1500000e+03   2.4633777e-01   2.7308943e-01   2.9719907e-01   2.7609540e-01   2.5911254e-01
   9.1600000e+03   2.5258444e-01   2.7702380e-01   3.0988646e-01   2.8984283e-01   2.9024169e-01
   9.1700000e+03   2.9309161e-01   3.1208166e-01   2.8521026e-01   2.7959581e-01   3.0357997e-01
   9.1800000e+03   3.3318115e-01   3.3469207e-01   2.7295933e-01   2.8546510e-01   2.7228280e-01
   9.1900000e+03   3.3028430e-01   3.3931816e-01   2.9159312e-01   2.8116932e-01   2.5845330e-01
   9.2000000e+03   2.7274947e-01   3.1824525e-01   2.7830078e-01   2.9147122e-01   2.7199961e-01
   9.2100000e+03   2.8064382e-01   2.8479714e-01   2.9803859e-01   3.0770119e-01   2.6570976e-01
   9.2200000e+03   3.2072707e-01   2.6045372e-01   2.8979857e-01   2.7986403e-01   2.7498940e-01
   9.2300000e+03   3.1829661e-01   2.8916463e-01   2.9589465e-01   2.7253135e-01   2.6822098e-01
   9.2400000e+03   3.1488737e-01   3.0122736e-01   3.2041739e-01   2.8864566e-01   2.6154297e-01
   9.2500000e+03   2.7957007e-01   3.3041974e-01   3.0089458e-01   2.9987502e-01   2.7660204e-01
   9.2600000e+03   2.9170197e-01   3.1879878e-01   2.8858336e-01   3.0266787e-01   2.8741031e-01
   9.2700000e+03   2.9540596e-01   3.0207121e-01   2.7460398e-01   3.0957798e-01   2.8064281e-01
   9.2800000e+03   3.2704855e-01   2.7823971e-01   2.6766332e-01   3.0068478e-01   2.7929705e-01
   9.2900000e+03   2.8286666e-01   3.0319757e-01   2.9693290e-01   2.6703475e-01   2.7540966e-01
   9.3000000e+03   2.5183826e-01   3.0564465e-01   3.0686536e-01   2.6040807e-01   2.6647052e-01
   9.3100000e+03   2.7615192e-01   3.3068830e-01   3.0430640e-01   2.6804574e-01   2.7593528e-01
   9.3200000e+03   2.9349283e-01   3.5906687e-01   2.8459070e-01   2.9803779e-01   2.9190189e-01
   9.3300000e+03   3.3716431e-01   3.0506475e-01   2.7880379e-01   2.9912084e-01   2.8572400e-01
   9.3400000e+03   3.1184912e-01   2.6266956e-01   2.7850103e-01   2.7829360e-01   2.7340020e-01
   9.3500000e+03   2.2900739e-01   2.2545664e-01   2.9855405e-01   2.8521553e-01   2.8081516e-01
   9.3600000e+03   2.4179135e-01   2.6097914e-01   3.0135427e-01   2.9179821e-01   2.8015397e-01
   9.3700000e+03   2.7836367e-01   3.4543474e-01   2.9153084e-01   2.9205724e-01   2.8893280e-01
   9.3800000e+03   3.4435729e-01   3.5893369e-01   2.7444749e-01   2.6112563e-01   2.9918465e-01
   9.3900000e+03   3.4132005e-01   3.3523390e-01   2.8658259e-01   2.7491567e-01   2.6825467e-01
   9.4000000e+03   3.1172373e-01   2.9694807e-01   2.7978044e-01   2.8036246e-01   2.5880793e-01
   9.4100000e+03   2.5710175e-01   2.6322340e-01   2.8367933e-01   2.9156679e-01   2.5771203e-01
   9.4200000e+03   2.7949343e-01   2.7270209e-01   2.9337266e-01   2.8468430e-01   2.5408706e-01
   9.4300000e+03   3.0294964e-01   3.1367336e-01   3.0795649e-01   2.8812631e-01   2.7008149e-01
   9.4400000e+03   3.6684402e-01   3.2466930e-01   3.0116073e-01   2.8674048e-01   2.6800301e-01
   9.4500000e+03   3.3134173e-01   3.3277603e-01   2.8809674e-01   2.7584952e-01   2.7659398e-01
   9.4600000e+03   2.7953786e-01   2.8395546e-01   2.7992553e-01   2.8074136e-01   2.8954280e-01
   9.4700000e+03   2.5605596e-01   2.8423348e-01   2.8124327e-01   2.6329448e-01   2.9398343e-01
   9.4800000e+03   2.6350142e-01   3.0615433e-01   2.9393961e-01   2.8205653e-01   2.7955148e-01
   9.4900000e+03   2.5834279e-01   3.2313713e-01   2.9548479e-01   2.9253399e-01   2.7115676e-01
   9.5000000e+03   3.3639393e-01   3.2941418e-01   2.9186601e-01   2.9338008e-01   2.5809637e-01
   9.5100000e+03   3.2302724e-01   3.4573872e-01   2.7786406e-01   2.7703105e-01   2.5718116e-01
   9.5200000e+03   3.0606302e-01   3.3048647e-01   2.6167929e-01   2.6613472e-01   2.6350322e-01
   9.5300000e+03   2.9033370e-01   2.8948088e-01   2.9881007e-01   2.8435066e-01   2.8104424e-01
   9.5400000e+03   2.7763492e-01   2.6052893e-01   3.0642916e-01   3.0788890e-01   2.8273514e-01
   9.5500000e+03   2.8418028e-01   2.4836754e-01   2.9196176e-01   2.8206884e-01   2.6180099e-01
   9.5600000e+03   3.0371458e-01   2.8505649e-01   2.9428536e-01   2.7383210e-01   2.5757644e-01
   9.5700000e+03   3.0320717e-01   3.3632105e-01   2.7930983e-01   2.9311456e-01   2.6518476e-01
   9.5800000e+03   3.3243803e-01   3.4922110e-01   2.7344343e-01   2.7884102e-01   2.8715592e-01
   9.5900000e+03   2.8892237e-01   3.2513538e-01   2.7720002e-01   2.7787325e-01   2.8445121e-01
   9.6000000e+03   2.8666004e-01   2.6867600e-01   3.0015149e-01   2.7313314e-01   2.7534306e-01
   9.6100000e+03   2.6488713e-01   2.7560481e-01   3.0947546e-01   2.7736416e-01   2.5822763e-01
   9.6200000e+03   2.6367076e-01   3.0659998e-01   3.1173108e-01   2.8291572e-01   2.5338618e-01
   9.6300000e+03   3.2842348e-01   3.4073272e-01   2.7684654e-01   2.9419843e-01   2.8948927e-01
   9.6400000e+03   3.2616444e-01   3.0923094e-01   2.6801500e-01   3.0689800e-01   2.9043032e-01
   9.6500000e+03   3.4518376e-01   2.7260002e-01   2.9296411e-01   2.9733762e-01   3.0256769e-01
   9.6600000e+03   3.0439804e-01   2.5579195e-01   2.9216105e-01   2.7355251e-01   2.8069255e-01
   9.6700000e+03   2.8006870e-01   2.5126032e-01   2.8946301e-01   2.6129311e-01   2.7665988e-01
   9.6800000e+03   2.5568123e-01   2.8122439e-01   2.8092646e-01   2.7638286e-01   2.5333992e-01
   9.6900000e+03   2.7135332e-01   3.5510528e-01   2.5907786e-01   2.9068230e-01   2.5924253e-01
   9.7000000e+03   3.3490681e-01   3.7783969e-01   2.9065285e-01   2.9252258e-01   2.9050184e-01
   9.7100000e+03   3.3576907e-01   3.4841769e-01   2.7929905e-01   2.8257731e-01   2.9906518e-01
   9.7200000e+03   3.0818842e-01   2.7377788e-01   2.9256132e-01   2.9537162e-01   2.8548277e-01
   9.7300000e+03   2.8119620e-01   2.4615993e-01   2.9369660e-01   2.7527816e-01   2.6401024e-01
   9.7400000e+03   2.5772006e-01   2.8474860e-01   2.7849626e-01   2.8254559e-01   2.6321390e-01
   9.7500000e+03   2.6947776e-01   3.3075895e-01   2.6771329e-01   2.7008370e-01   2.7058457e-01
   9.7600000e+03   3.1091805e-01   3.5751252e-01   2.6326263e-01   2.8671356e-01   2.6472184e-01
   9.7700000e+03   3.3472155e-01   3.2617209e-01   3.0315789e-01   2.9308317e-01   2.8197267e-01
   9.7800000e+03   2.9674053e-01   2.7861981e-01   2.8575549e-01   3.1643637e-01   2.8640323e-01
   9.7900000e+03   2.7660437e-01   2.6431696e-01   2.9573587e-01   2.8342562e-01   2.6927289e-01
   9.8000000e+03   2.3984237e-01   2.8324864e-01   2.9133907e-01   2.5652406e-01   2.6406107e-01
   9.8100000e+03   2.6439876e-01   3.5523062e-01   2.8038324e-01   2.7763531e-01   2.7067967e-01
   9.8200000e+03   2.9264091e-01   3.9488310e-01   2.7316195e-01   2.8373084e-01   2.8079569e-01
   9.8300000e+03   2.9568380e-01   3.2584291e-01   2.7117885e-01   3.0680881e-01   2.8485932e-01
   9.8400000e+03   2.9880059e-01   2.5647393e-01   2.8194086e-01   3.0922236e-01   2.8164369e-01
   9.8500000e+03   2.8627531e-01   2.1810346e-01   3.0950593e-01   2.7070964e-01   2.9434293e-01
   9.8600000e+03   2.8638387e-01   2.6261929e-01   3.0044125e-01   2.5621445e-01   2.5918862e-01
   9.8700000e+03   2.8271757e-01   3.3882266e-01   2.7637917e-01   2.6480951e-01   2.5736967e-01
   9.8800000e+03   3.1681016e-01   3.4577828e-01   2.8033743e-01   2.9127498e-01   2.5022026e-01
   9.8900000e+03   3.4642212e-01   3.3722203e-01   2.9930789e-01   3.0647762e-01   2.6068015e-01
   9.9000000e+03   3.1247809e-01   2.9517119e-01   3.0246543e-01   2.9629661e-01   2.7627202e-01
   9.9100000e+03   3.0540677e-01   2.8469943e-01   3.1465009e-01   2.8098356e-01   2.7541879e-01
   9.9200000e+03   2.9795736e-01   2.9626739e-01   2.9109740e-01   2.8791798e-01   3.0076139e-01
   9.9300000e+03   2.5184647e-01   3.0858571e-01   2.7774304e-01   2.8731751e-01   3.0780964e-01
   9.9400000e+03   2.7125382e-01   3.2236883e-01   2.9532264e-01   2.8866179e-01   2.8081845e-01
   9.9500000e+03   3.2173146e-01   3.0130268e-01   2.8133532e-01   2.7804209e-01   2.5816222e-01
   9.9600000e+03   3.2999297e-01   2.6367378e-01   2.8472192e-01   2.8080848e-01   2.4834855e-01
   9.9700000e+03   3.5065432e-01   2.4837595e-01   3.0590191e-01   2.8013643e-01   2.7311824e-01
   9.9800000e+03   2.7852170e-01   2.6434987e-01   2.9543447e-01   2.8246770e-01   2.8387959e-01
   9.9900000e+03   2.7758481e-01   3.2792416e-01   2.6909631e-01   2.6577355e-01   2.6995868e-01
   1.0000000e+04   2.6640360e-01   3.4933388e-01   2.6897027e-01   2.6870975e-01   2.6144539e-01
