   0.0000000e+00   1.0000000e+00   1.0000000e+00   1.0000000e+00   1.0000000e+00   1.0000000e+00
   1.0000000e+01   3.6706146e-01   3.5522481e-01   3.3438316e-01   3.0537893e-01   2.8143729e-01
   2.0000000e+01   1.9024800e-01   2.0454529e-01   2.0242940e-01   1.9660368e-01   1.9781082e-01
   3.0000000e+01   1.6351032e-01   1.7937680e-01   1.6723722e-01   1.8758789e-01   1.8409139e-01
   4.0000000e+01   2.2365736e-01   2.3365575e-01   2.2475819e-01   2.2614171e-01   2.4280201e-01
   5.0000000e+01   3.2464786e-01   3.4589697e-01   3.3685030e-01   3.0905876e-01   3.0085776e-01
   6.0000000e+01   3.7871917e-01   3.5898901e-01   3.4928763e-01   3.1025841e-01   3.0452490e-01
   7.0000000e+01   3.3403732e-01   3.4607706e-01   3.1342383e-01   2.8082095e-01   2.6354825e-01
   8.0000000e+01   2.5830499e-01   2.7549848e-01   2.7663659e-01   2.8238307e-01   2.4712178e-01
   9.0000000e+01   1.8887590e-01   2.0446214e-01   2.6826522e-01   2.8565098e-01   2.7214036e-01
   1.0000000e+02   2.3647266e-01   2.6051329e-01   2.4447073e-01   2.5199815e-01   2.8191867e-01
   1.1000000e+02   2.8582006e-01   3.4366644e-01   2.9972046e-01   2.8242771e-01   2.9123940e-01
   1.2000000e+02   3.4776017e-01   3.7272406e-01   3.2973322e-01   2.9065170e-01   2.8228168e-01
   1.3000000e+02   3.6632470e-01   3.5421944e-01   3.0648866e-01   3.0555046e-01   2.5382976e-01
   1.4000000e+02   3.3412366e-01   2.8249500e-01   2.7622520e-01   3.1707913e-01   2.5085084e-01
   1.5000000e+02   2.4125346e-01   2.3955387e-01   2.5422634e-01   2.7146186e-01   2.7454939e-01
   1.6000000e+02   2.0579532e-01   2.3432627e-01   2.3507086e-01   2.5261008e-01   2.5847447e-01
   1.7000000e+02   2.0906873e-01   2.8231395e-01   2.7329711e-01   2.6374451e-01   2.7711940e-01
   1.8000000e+02   2.6200479e-01   3.3183943e-01   2.9869250e-01   2.7927401e-01   2.7336777e-01
   1.9000000e+02   3.7096733e-01   3.6050285e-01   3.1200997e-01   2.9481664e-01   2.5713635e-01
   2.0000000e+02   3.8711018e-01   3.3044353e-01   3.1817114e-01   3.3717542e-01   2.8946029e-01
   2.1000000e+02   3.1542997e-01   2.7263214e-01   2.6748004e-01   3.1496669e-01   3.1050125e-01
   2.2000000e+02   2.3548235e-01   2.8010529e-01   2.5899896e-01   2.5797783e-01   2.7635530e-01
   2.3000000e+02   2.3474099e-01   2.8934218e-01   2.6689544e-01   2.4514609e-01   2.5484876e-01
   2.4000000e+02   2.8807645e-01   3.0317535e-01   2.8970909e-01   2.5776314e-01   2.4171674e-01
   2.5000000e+02   4.0309349e-01   3.2668590e-01   2.8922575e-01   2.7710859e-01   2.5448031e-01
   2.6000000e+02   3.9241846e-01   3.0769599e-01   2.8708464e-01   2.8664024e-01   3.0577244e-01
   2.7000000e+02   2.8202026e-01   2.8397622e-01   2.6288866e-01   2.8392011e-01   2.9409991e-01
   2.8000000e+02   2.0314869e-01   2.9811628e-01   2.7484951e-01   2.9376072e-01   2.6964262e-01
   2.9000000e+02   2.1401758e-01   2.7237091e-01   3.0198450e-01   3.0016588e-01   2.5518385e-01
   3.0000000e+02   2.7310857e-01   3.2462869e-01   3.1021258e-01   3.0453650e-01   2.7701954e-01
   3.1000000e+02   3.5582940e-01   3.6459003e-01   3.4487180e-01   2.7028125e-01   2.9387907e-01
   3.2000000e+02   4.2498481e-01   3.4749730e-01   3.0604522e-01   2.8123787e-01   2.8323049e-01
   3.3000000e+02   3.8302816e-01   3.3696673e-01   2.5053812e-01   2.6418487e-01   2.4912538e-01
   3.4000000e+02   2.6501040e-01   2.7797687e-01   2.2744444e-01   2.5920179e-01   2.5474220e-01
   3.5000000e+02   2.0462372e-01   2.2437234e-01   2.5598625e-01   2.7981150e-01   2.9626553e-01
   3.6000000e+02   2.3637857e-01   2.5488839e-01   3.0028389e-01   2.8303795e-01   2.8352777e-01
   3.7000000e+02   2.7714351e-01   3.0773915e-01   3.2430592e-01   2.9784683e-01   3.0447939e-01
   3.8000000e+02   3.4572410e-01   3.4896236e-01   3.1229959e-01   3.0436653e-01   3.1601086e-01
   3.9000000e+02   3.4422073e-01   3.5679022e-01   2.9236568e-01   2.9168802e-01   2.7774692e-01
   4.0000000e+02   2.5544439e-01   2.9187252e-01   2.8132055e-01   2.8619980e-01   2.3802904e-01
   4.1000000e+02   2.0092438e-01   2.4832227e-01   2.8199357e-01   2.9748180e-01   2.4019407e-01
   4.2000000e+02   2.3254502e-01   2.5236721e-01   2.7079585e-01   2.6228330e-01   2.5863104e-01
   4.3000000e+02   3.3547750e-01   3.2016677e-01   2.7938235e-01   2.5186240e-01   2.8044863e-01
   4.4000000e+02   3.3994005e-01   3.7395130e-01   2.9486812e-01   2.7942383e-01   2.8424349e-01
   4.5000000e+02   3.9226468e-01   3.5874894e-01   2.9004555e-01   2.7072635e-01   2.8593275e-01
   4.6000000e+02   4.1141085e-01   3.0104913e-01   2.9631665e-01   2.9504277e-01   2.9705272e-01
   4.7000000e+02   2.6418908e-01   2.2218853e-01   2.8416399e-01   3.1510685e-01   2.9587761e-01
   4.8000000e+02   2.2517226e-01   2.1901721e-01   2.7670644e-01   2.8214217e-01   2.7121883e-01
   4.9000000e+02   2.4060188e-01   2.9364949e-01   2.7102234e-01   2.8643711e-01   2.3619162e-01
   5.0000000e+02   3.0409975e-01   3.7630489e-01   2.8714025e-01   2.9168027e-01   2.6348301e-01
   5.1000000e+02   3.5988502e-01   3.7682006e-01   3.0872688e-01   2.6983498e-01   2.7006231e-01
   5.2000000e+02   3.5513214e-01   3.0345082e-01   2.9461456e-01   2.9144826e-01   2.6978264e-01
   5.3000000e+02   3.1429956e-01   2.6456910e-01   2.8697452e-01   2.7971869e-01   2.6151103e-01
   5.4000000e+02   2.4254800e-01   2.3651080e-01   2.4880854e-01   2.6027634e-01   2.6248298e-01
   5.5000000e+02   2.4683437e-01   2.4402847e-01   2.4958548e-01   2.9714019e-01   2.7296591e-01
   5.6000000e+02   2.6420333e-01   3.0577170e-01   2.9596797e-01   3.0556717e-01   2.9804940e-01
   5.7000000e+02   3.6204049e-01   3.3642006e-01   2.9364932e-01   3.0955961e-01   2.7939143e-01
   5.8000000e+02   3.8404633e-01   3.0226853e-01   2.9007139e-01   2.8789201e-01   2.6690399e-01
   5.9000000e+02   3.2350532e-01   2.7246792e-01   2.7751198e-01   2.6125335e-01   2.6891317e-01
   6.0000000e+02   2.4104592e-01   2.7768852e-01   3.0459829e-01   2.7720853e-01   2.4978917e-01
   6.1000000e+02   1.7889694e-01   3.2454219e-01   2.8634316e-01   3.1508679e-01   2.7947897e-01
   6.2000000e+02   2.2185019e-01   3.2509529e-01   2.7216187e-01   2.8595680e-01   2.6702494e-01
   6.3000000e+02   3.0013647e-01   3.3246085e-01   2.8353997e-01   2.4621902e-01   2.7704985e-01
   6.4000000e+02   3.4990487e-01   3.3017948e-01   2.9852768e-01   2.5532433e-01   2.7170536e-01
   6.5000000e+02   3.7099336e-01   3.0200443e-01   3.2122423e-01   2.9157309e-01   2.7735855e-01
   6.6000000e+02   3.1646373e-01   2.7619971e-01   2.8587804e-01   2.9798579e-01   2.5652465e-01
   6.7000000e+02   2.3714931e-01   2.4987879e-01   2.7167829e-01   3.1782994e-01   3.0451478e-01
   6.8000000e+02   2.5206651e-01   2.6909496e-01   2.8882468e-01   3.1827825e-01   2.8964052e-01
   6.9000000e+02   3.2343782e-01   3.3405422e-01   3.0903573e-01   3.0327377e-01   2.6973662e-01
   7.0000000e+02   3.4412165e-01   3.6009672e-01   3.1192434e-01   2.6925478e-01   2.4760566e-01
   7.1000000e+02   3.2093524e-01   3.1620197e-01   3.2529767e-01   2.5180225e-01   2.6247464e-01
   7.2000000e+02   2.9861341e-01   2.7522968e-01   2.8575109e-01   2.5279381e-01   2.9525410e-01
   7.3000000e+02   2.4718131e-01   2.6961218e-01   2.7421084e-01   2.7755013e-01   3.0767024e-01
   7.4000000e+02   2.6234074e-01   3.0180662e-01   2.5892557e-01   2.9743422e-01   2.8653410e-01
   7.5000000e+02   3.1855465e-01   3.3368630e-01   2.9728237e-01   2.8720499e-01   2.7387921e-01
   7.6000000e+02   3.4857301e-01   3.5041097e-01   3.1766251e-01   3.0048543e-01   2.7853269e-01
   7.7000000e+02   3.5046692e-01   3.0033707e-01   3.0406292e-01   2.9734718e-01   2.6660562e-01
   7.8000000e+02   3.1257731e-01   2.2944221e-01   2.7857733e-01   2.6684992e-01   2.6020337e-01
   7.9000000e+02   3.0854154e-01   2.1122546e-01   2.5762566e-01   2.8360488e-01   2.6082502e-01
   8.0000000e+02   2.6327567e-01   2.7243024e-01   2.8571378e-01   2.5535233e-01   2.5954925e-01
   8.1000000e+02   2.5808524e-01   3.5720925e-01   2.8627202e-01   2.7110199e-01   2.7838040e-01
   8.2000000e+02   2.8021157e-01   3.5206689e-01   3.2561724e-01   2.8633393e-01   2.9189249e-01
   8.3000000e+02   3.0370046e-01   3.2824084e-01   3.1066557e-01   2.8339743e-01   2.8762778e-01
   8.4000000e+02   2.9056716e-01   2.8189069e-01   2.7434879e-01   2.7470628e-01   2.6733922e-01
   8.5000000e+02   2.6642073e-01   2.4042897e-01   2.5234884e-01   2.7705335e-01   2.7689040e-01
   8.6000000e+02   2.5526009e-01   2.5091203e-01   2.6860652e-01   2.8086325e-01   2.5327518e-01
   8.7000000e+02   2.8944704e-01   3.0010383e-01   2.8278530e-01   3.0365193e-01   2.4272237e-01
   8.8000000e+02   3.3242603e-01   3.5071320e-01   3.2864990e-01   3.0348381e-01   2.6601021e-01
   8.9000000e+02   3.2861705e-01   3.4124433e-01   3.3026113e-01   2.8190148e-01   2.7104898e-01
   9.0000000e+02   3.2597592e-01   2.9764052e-01   2.9435057e-01   2.7940908e-01   2.6810187e-01
   9.1000000e+02   3.1555324e-01   2.5783294e-01   2.6890646e-01   2.5482466e-01   2.7634359e-01
   9.2000000e+02   2.7063623e-01   2.5545559e-01   2.4216119e-01   2.4985534e-01   2.7583406e-01
   9.3000000e+02   2.4343216e-01   3.1740124e-01   2.6497182e-01   2.7810674e-01   2.9093018e-01
   9.4000000e+02   2.5760225e-01   3.8287278e-01   3.0130312e-01   2.8208996e-01   2.9245064e-01
   9.5000000e+02   2.8688639e-01   3.5589636e-01   3.0554529e-01   3.0892888e-01   2.7721121e-01
   9.6000000e+02   3.4399286e-01   2.9461868e-01   2.8422982e-01   3.1373598e-01   2.5313053e-01
   9.7000000e+02   3.3014541e-01   2.4523482e-01   2.6644480e-01   2.7425577e-01   2.5637495e-01
   9.8000000e+02   3.3767171e-01   2.6304656e-01   2.6138523e-01   2.6133932e-01   2.6182985e-01
   9.9000000e+02   3.0993056e-01   3.1482960e-01   2.8796252e-01   2.4955866e-01   2.8995345e-01
   1.0000000e+03   2.6506732e-01   3.3258373e-01   3.2042475e-01   2.5403103e-01   2.7312207e-01
