   0.0000000e+00   1.0000000e+00   1.0000000e+00   1.0000000e+00   1.0000000e+00   1.0000000e+00
   1.0000000e+01   2.7900996e-02   2.3090571e-02   1.7564917e-02   1.3187963e-02   1.0049876e-02
   2.0000000e+01   4.2599216e-03   3.0458812e-03   1.8785547e-03   1.1780380e-03   6.4715114e-04
   3.0000000e+01   3.1248690e-03   3.4182965e-03   2.8948863e-03   2.5268824e-03   1.3920394e-03
   4.0000000e+01   2.3750465e-02   2.3552305e-02   1.6725529e-02   1.2490605e-02   8.2034506e-03
   5.0000000e+01   5.4482588e-02   2.6554018e-02   2.7505040e-02   2.5684157e-02   2.3220975e-02
   6.0000000e+01   3.5019478e-02   3.3333185e-02   3.0167987e-02   2.5240258e-02   2.0141614e-02
   7.0000000e+01   2.6016546e-02   2.6079289e-02   1.9015029e-02   1.5321957e-02   9.8865927e-03
   8.0000000e+01   1.4155498e-02   7.8145441e-03   6.4224045e-03   4.2702696e-03   2.7724159e-03
   9.0000000e+01   3.2528576e-02   2.6156355e-02   2.1719229e-02   2.2284100e-02   1.6607641e-02
   1.0000000e+02   3.7181974e-02   2.7880941e-02   1.9447483e-02   1.6341403e-02   1.5112906e-02
   1.1000000e+02   3.7443582e-02   3.2054972e-02   3.1978619e-02   2.3071902e-02   2.1687173e-02
   1.2000000e+02   3.8014817e-02   2.6736755e-02   2.5441680e-02   2.2737650e-02   1.6036337e-02
   1.3000000e+02   2.2031012e-02   2.1645324e-02   1.3773293e-02   1.4127510e-02   1.1155762e-02
   1.4000000e+02   7.3781068e-03   1.0005349e-02   1.0175264e-02   1.1201950e-02   1.0737462e-02
   1.5000000e+02   3.0542683e-02   2.4934580e-02   2.3961933e-02   2.6635202e-02   2.1497300e-02
   1.6000000e+02   2.6401466e-02   2.5670773e-02   2.0279426e-02   1.7905937e-02   1.5319944e-02
   1.7000000e+02   3.8207064e-02   3.6964649e-02   1.8204299e-02   1.4341775e-02   1.2078762e-02
   1.8000000e+02   2.4836336e-02   2.1534458e-02   2.9271808e-02   2.0792360e-02   1.6838179e-02
   1.9000000e+02   2.5537430e-02   1.5673647e-02   8.4282483e-03   5.5248821e-03   3.9634261e-03
   2.0000000e+02   1.5719138e-02   3.1619632e-02   1.9621300e-02   1.7880936e-02   1.6739807e-02
   2.1000000e+02   3.4441631e-02   3.1091827e-02   1.7905995e-02   1.8064978e-02   1.3482736e-02
   2.2000000e+02   5.2748908e-02   4.3130633e-02   3.0341871e-02   2.3107139e-02   1.6157150e-02
   2.3000000e+02   2.8992152e-02   3.4138118e-02   1.7336988e-02   1.3753575e-02   1.3072469e-02
   2.4000000e+02   2.8014628e-02   1.6574020e-02   1.3956390e-02   1.2076617e-02   9.9115969e-03
   2.5000000e+02   1.0724772e-02   7.9667719e-03   1.0725678e-02   1.3447363e-02   1.7617863e-02
   2.6000000e+02   2.2137998e-02   2.5836525e-02   1.7362927e-02   1.4988937e-02   1.2240531e-02
   2.7000000e+02   3.1423967e-02   4.4688854e-02   2.8274367e-02   3.2443375e-02   2.2585616e-02
   2.8000000e+02   4.1444950e-02   3.8075218e-02   1.9357436e-02   1.8213804e-02   1.4052120e-02
   2.9000000e+02   2.5045367e-02   1.9802680e-02   1.8718067e-02   1.4163836e-02   1.0894132e-02
   3.0000000e+02   3.0499873e-02   1.6725497e-02   1.2898324e-02   7.3191439e-03   7.0010253e-03
   3.1000000e+02   1.8233869e-02   2.0922712e-02   1.7099310e-02   1.5864143e-02   1.2014102e-02
   3.2000000e+02   2.6742191e-02   2.8656570e-02   2.4270422e-02   2.2620609e-02   2.2724004e-02
   3.3000000e+02   5.3019043e-02   4.4680060e-02   3.1865670e-02   2.8045538e-02   1.9453750e-02
   3.4000000e+02   2.3920126e-02   2.4692410e-02   1.8194693e-02   1.9246723e-02   1.2366317e-02
   3.5000000e+02   3.2498541e-02   1.8028664e-02   1.5800389e-02   1.1012216e-02   7.8650915e-03
   3.6000000e+02   2.4479283e-02   1.3672762e-02   1.8698187e-02   1.4210324e-02   1.1895256e-02
   3.7000000e+02   2.6312627e-02   2.5510813e-02   2.2099741e-02   1.9739115e-02   1.6576810e-02
   3.8000000e+02   3.2936568e-02   2.6217349e-02   2.9364121e-02   3.3809766e-02   2.0832864e-02
   3.9000000e+02   3.0422558e-02   2.9744423e-02   2.4602488e-02   1.9616460e-02   1.5028020e-02
   4.0000000e+02   2.8942769e-02   2.9337435e-02   1.6617486e-02   1.1438815e-02   8.4660204e-03
   4.1000000e+02   2.7854103e-02   1.7663867e-02   1.3171585e-02   9.9657410e-03   1.1230159e-02
   4.2000000e+02   2.6766496e-02   2.9699214e-02   2.0814776e-02   1.9799010e-02   1.3204763e-02
   4.3000000e+02   2.7458985e-02   2.9182717e-02   2.1796358e-02   2.6163441e-02   2.3427343e-02
   4.4000000e+02   2.6616470e-02   3.0894135e-02   2.5899514e-02   2.5853130e-02   1.5049932e-02
   4.5000000e+02   3.4124736e-02   2.8081766e-02   2.2571037e-02   1.6857789e-02   1.3047373e-02
   4.6000000e+02   3.9730459e-02   2.6578640e-02   1.6846625e-02   1.1655176e-02   8.7510092e-03
   4.7000000e+02   2.9953933e-02   1.9372122e-02   1.7683559e-02   1.4882750e-02   1.2978183e-02
   4.8000000e+02   2.9154552e-02   2.9011028e-02   2.5103014e-02   2.0951001e-02   1.7802760e-02
   4.9000000e+02   3.1100883e-02   3.3084914e-02   2.6116194e-02   2.1662987e-02   2.1570670e-02
   5.0000000e+02   2.9057336e-02   3.4871624e-02   2.1672560e-02   1.7535694e-02   1.5167159e-02
   5.1000000e+02   2.7812268e-02   2.7035999e-02   1.7228122e-02   1.4028259e-02   9.3590966e-03
   5.2000000e+02   2.6976130e-02   1.7540294e-02   1.5816485e-02   1.2911949e-02   1.3211440e-02
   5.3000000e+02   1.8563663e-02   2.2902555e-02   2.0243831e-02   2.6367043e-02   1.5490346e-02
   5.4000000e+02   2.8249241e-02   2.6464162e-02   2.1646365e-02   2.1479451e-02   1.7759353e-02
   5.5000000e+02   3.4736430e-02   3.1659595e-02   2.6366059e-02   1.9163837e-02   1.5812043e-02
   5.6000000e+02   3.2365300e-02   2.4953594e-02   2.0608148e-02   1.5305447e-02   1.2743599e-02
   5.7000000e+02   4.3190954e-02   2.0683453e-02   1.7998582e-02   9.7681019e-03   1.3799481e-02
   5.8000000e+02   2.0928753e-02   2.2224442e-02   1.9678091e-02   1.9789384e-02   1.7282462e-02
   5.9000000e+02   2.2833592e-02   2.5766252e-02   2.5771898e-02   2.2805127e-02   1.9362064e-02
   6.0000000e+02   3.7232461e-02   3.9184845e-02   2.5390377e-02   1.9797693e-02   1.6572278e-02
   6.1000000e+02   3.8438531e-02   3.2697332e-02   2.3829201e-02   1.8896100e-02   1.3629862e-02
   6.2000000e+02   2.5583115e-02   2.4388724e-02   1.7998625e-02   1.4616922e-02   1.1838775e-02
   6.3000000e+02   2.6414844e-02   1.9720213e-02   1.8854308e-02   1.6792091e-02   1.5830045e-02
   6.4000000e+02   2.4583165e-02   2.0007961e-02   2.1840653e-02   1.7050171e-02   1.4979241e-02
   6.5000000e+02   3.0505725e-02   2.9992072e-02   2.3472320e-02   2.2273643e-02   1.7426465e-02
   6.6000000e+02   4.8205608e-02   3.5168521e-02   2.5698112e-02   1.8812678e-02   1.5963700e-02
   6.7000000e+02   2.3007524e-02   2.7775685e-02   1.7993605e-02   1.6864016e-02   1.3221491e-02
   6.8000000e+02   4.5540601e-02   1.7645643e-02   1.6304303e-02   1.4316444e-02   1.2904678e-02
   6.9000000e+02   2.1168703e-02   2.0939704e-02   1.7947875e-02   2.4463518e-02   1.6248415e-02
   7.0000000e+02   2.9588182e-02   2.7426222e-02   2.7456231e-02   2.3626989e-02   1.6554837e-02
   7.1000000e+02   2.4202355e-02   3.2168309e-02   2.2575120e-02   1.9243182e-02   1.4490005e-02
   7.2000000e+02   2.4543757e-02   2.6648687e-02   2.1328716e-02   1.8243379e-02   1.2746660e-02
   7.3000000e+02   3.1533542e-02   2.9142843e-02   1.7193639e-02   1.5087453e-02   1.0153770e-02
   7.4000000e+02   2.5194106e-02   1.8407360e-02   1.7808296e-02   1.6731486e-02   1.6312232e-02
   7.5000000e+02   3.0653973e-02   2.7055446e-02   1.7245339e-02   1.9175496e-02   1.6424002e-02
   7.6000000e+02   2.7676511e-02   3.9582799e-02   2.3668875e-02   2.3933810e-02   1.6312090e-02
   7.7000000e+02   3.0598306e-02   3.0237673e-02   2.4114740e-02   1.7132896e-02   1.4177133e-02
   7.8000000e+02   3.0192377e-02   2.4675806e-02   1.9137175e-02   1.4581619e-02   1.1751460e-02
   7.9000000e+02   3.4069694e-02   2.0921652e-02   1.5963314e-02   1.2389987e-02   1.3089541e-02
   8.0000000e+02   2.4821638e-02   3.1294957e-02   1.8288120e-02   1.9342560e-02   1.9343453e-02
   8.1000000e+02   3.0570805e-02   2.7863819e-02   2.3876301e-02   2.4773202e-02   1.6387794e-02
   8.2000000e+02   2.5126102e-02   3.2962620e-02   2.0424852e-02   2.1906275e-02   1.5140430e-02
   8.3000000e+02   3.5312972e-02   3.1902854e-02   2.2324401e-02   1.6339273e-02   1.3939491e-02
   8.4000000e+02   2.1832437e-02   1.9351592e-02   2.1524067e-02   1.2797398e-02   1.0580673e-02
   8.5000000e+02   3.0931523e-02   2.1736385e-02   1.8455820e-02   1.8545148e-02   1.5623240e-02
   8.6000000e+02   2.4033772e-02   2.2513883e-02   2.0053391e-02   2.5624677e-02   2.0055377e-02
   8.7000000e+02   3.1785824e-02   3.5091570e-02   2.6906001e-02   2.0908701e-02   1.6801603e-02
   8.8000000e+02   3.8996837e-02   3.1647970e-02   1.9200965e-02   1.6500870e-02   1.4610388e-02
   8.9000000e+02   3.1852410e-02   2.4570971e-02   2.2230058e-02   1.6166886e-02   1.1704837e-02
   9.0000000e+02   2.7187550e-02   2.2275691e-02   2.0697282e-02   1.6881608e-02   1.5319522e-02
   9.1000000e+02   2.5174110e-02   2.3173364e-02   2.2685626e-02   1.8538613e-02   1.6724873e-02
   9.2000000e+02   4.4304761e-02   2.7062404e-02   2.5955631e-02   2.5327335e-02   1.6694074e-02
   9.3000000e+02   2.2593448e-02   3.3165186e-02   2.0412773e-02   1.6986951e-02   1.4331561e-02
   9.4000000e+02   3.1571424e-02   2.9315355e-02   1.7129088e-02   1.5821713e-02   1.4028545e-02
   9.5000000e+02   2.9771289e-02   2.1762908e-02   1.5524591e-02   1.5201624e-02   1.5540712e-02
   9.6000000e+02   3.4467799e-02   2.0556748e-02   1.7494142e-02   1.8697414e-02   1.5063732e-02
   9.7000000e+02   2.9083641e-02   3.1993607e-02   1.8645305e-02   1.7287926e-02   1.6104137e-02
   9.8000000e+02   4.4049329e-02   3.2259444e-02   2.7697417e-02   2.0074975e-02   1.4183113e-02
   9.9000000e+02   3.0081105e-02   3.5346972e-02   2.2225092e-02   2.2332878e-02   1.5210518e-02
   1.0000000e+03   2.5331208e-02   2.8222489e-02   1.8745044e-02   1.5911668e-02   1.3876246e-02
   1.0100000e+03   5.3007880e-02   1.7623411e-02   2.0270134e-02   1.8658655e-02   1.5115911e-02
   1.0200000e+03   2.7742162e-02   2.7069446e-02   2.1965002e-02   1.6644529e-02   1.7698396e-02
   1.0300000e+03   4.0900948e-02   3.5993478e-02   2.3005180e-02   2.0394683e-02   1.6329313e-02
   1.0400000e+03   3.3130680e-02   3.0045209e-02   2.4092311e-02   1.8249080e-02   1.6033767e-02
   1.0500000e+03   2.4578047e-02   2.6168579e-02   2.3199832e-02   1.4514993e-02   1.3065789e-02
   1.0600000e+03   2.0712282e-02   2.3729482e-02   1.8017127e-02   1.4915718e-02   1.3334017e-02
   1.0700000e+03   3.5764660e-02   2.3838198e-02   2.6823271e-02   2.3028378e-02   1.5152404e-02
   1.0800000e+03   3.0085668e-02   3.4331625e-02   2.1824693e-02   2.1958455e-02   1.8120520e-02
   1.0900000e+03   2.4362089e-02   2.7714631e-02   2.4722025e-02   1.7189975e-02   1.4069681e-02
   1.1000000e+03   4.1108925e-02   2.5477431e-02   1.8477218e-02   1.6772224e-02   1.2624896e-02
   1.1100000e+03   3.3004413e-02   2.6245583e-02   1.9236078e-02   1.5843588e-02   1.3405529e-02
   1.1200000e+03   3.1766880e-02   2.3259905e-02   2.3140757e-02   1.5889769e-02   1.8144324e-02
   1.1300000e+03   3.1951901e-02   2.4954312e-02   2.1023137e-02   2.0618786e-02   1.8645003e-02
   1.1400000e+03   2.1022516e-02   2.5789712e-02   2.1135167e-02   2.1294728e-02   1.5291437e-02
   1.1500000e+03   2.1190069e-02   3.4005160e-02   1.8406465e-02   1.9205304e-02   1.2850988e-02
   1.1600000e+03   2.9529222e-02   3.4398913e-02   2.1322375e-02   1.6928630e-02   1.1559012e-02
   1.1700000e+03   2.5035684e-02   2.0923880e-02   2.1382901e-02   1.6603568e-02   1.6079702e-02
   1.1800000e+03   3.5954140e-02   2.2602439e-02   2.3929903e-02   1.9644411e-02   1.6348040e-02
   1.1900000e+03   2.4879686e-02   2.8358886e-02   2.3447403e-02   1.9624077e-02   1.7163802e-02
   1.2000000e+03   3.2205077e-02   3.0889250e-02   2.1154516e-02   1.7729764e-02   1.5624463e-02
   1.2100000e+03   3.3557180e-02   3.0236373e-02   2.1268815e-02   1.7894620e-02   1.2139846e-02
   1.2200000e+03   1.6493665e-02   2.2001586e-02   1.9492205e-02   1.6476611e-02   1.3324628e-02
   1.2300000e+03   2.4905186e-02   2.4298309e-02   1.7229717e-02   1.7823557e-02   1.4472600e-02
   1.2400000e+03   2.6982413e-02   2.3602115e-02   2.2677211e-02   1.9224299e-02   1.4977110e-02
   1.2500000e+03   5.2998386e-02   2.9590744e-02   2.6797305e-02   2.1963455e-02   1.4536157e-02
   1.2600000e+03   3.0098799e-02   3.0213365e-02   2.2005110e-02   1.9882238e-02   1.5152893e-02
   1.2700000e+03   2.7039196e-02   2.2773531e-02   1.9252263e-02   1.6032926e-02   1.2503308e-02
   1.2800000e+03   2.4158939e-02   2.3244607e-02   1.7686861e-02   1.6513958e-02   1.7208638e-02
   1.2900000e+03   2.1637917e-02   2.8702315e-02   1.9161441e-02   1.7684491e-02   1.8664627e-02
   1.3000000e+03   3.0044264e-02   3.2785162e-02   2.0185961e-02   2.2418465e-02   1.5877347e-02
   1.3100000e+03   3.5952213e-02   2.9827465e-02   2.0093595e-02   1.8038817e-02   1.4425577e-02
   1.3200000e+03   3.3281547e-02   2.2472144e-02   1.9760837e-02   1.6493091e-02   1.3637254e-02
   1.3300000e+03   2.6653931e-02   2.6881694e-02   2.0957685e-02   1.8710641e-02   1.2486741e-02
   1.3400000e+03   2.4987146e-02   2.2040428e-02   2.1476126e-02   2.1519933e-02   1.5727547e-02
   1.3500000e+03   2.9763732e-02   2.6656009e-02   2.2861260e-02   2.0459857e-02   1.8819742e-02
   1.3600000e+03   3.2726863e-02   3.5134254e-02   2.2056222e-02   1.7972514e-02   1.5163762e-02
   1.3700000e+03   3.0614457e-02   2.4889287e-02   2.1745353e-02   1.9933112e-02   1.3648251e-02
   1.3800000e+03   2.8513762e-02   2.7692769e-02   1.9190326e-02   1.5489601e-02   1.5057190e-02
   1.3900000e+03   2.1497584e-02   2.2235065e-02   2.4323660e-02   1.9940544e-02   1.4464048e-02
   1.4000000e+03   3.0195520e-02   2.4327803e-02   2.0003727e-02   2.0038530e-02   1.7489191e-02
   1.4100000e+03   2.8228827e-02   3.3310038e-02   2.3451156e-02   1.7223961e-02   1.4522909e-02
   1.4200000e+03   3.2619496e-02   2.8723404e-02   1.9596539e-02   1.7371309e-02   1.2240062e-02
   1.4300000e+03   2.7863464e-02   2.4459090e-02   2.1838661e-02   1.7639205e-02   1.4133438e-02
   1.4400000e+03   2.4847172e-02   1.9731704e-02   2.0090545e-02   1.9960572e-02   1.3726374e-02
   1.4500000e+03   2.5989915e-02   2.5508758e-02   2.3555203e-02   2.0343641e-02   1.6627012e-02
   1.4600000e+03   3.0205895e-02   3.2375245e-02   1.8453083e-02   1.9693249e-02   1.9933575e-02
   1.4700000e+03   3.4884921e-02   2.9787903e-02   2.0470798e-02   1.8414759e-02   1.3789734e-02
   1.4800000e+03   2.5638487e-02   2.5296942e-02   2.3089796e-02   1.8570415e-02   1.2941403e-02
   1.4900000e+03   2.6502194e-02   2.3476572e-02   2.4609808e-02   1.8175066e-02   1.5296144e-02
   1.5000000e+03   2.7030271e-02   2.3331870e-02   1.9772140e-02   1.7647417e-02   1.4175115e-02
   1.5100000e+03   3.1858123e-02   2.7085210e-02   1.9403974e-02   1.8024626e-02   1.5699272e-02
   1.5200000e+03   3.0311161e-02   2.6937493e-02   1.9496571e-02   2.0286634e-02   1.6498597e-02
   1.5300000e+03   4.4600178e-02   2.6225148e-02   2.1740780e-02   1.7915693e-02   1.4260025e-02
   1.5400000e+03   2.0432531e-02   2.4151104e-02   2.0679278e-02   1.8280630e-02   1.7288534e-02
   1.5500000e+03   2.6254460e-02   2.6566744e-02   2.0073914e-02   1.7054198e-02   1.5685973e-02
   1.5600000e+03   2.8244876e-02   2.7090477e-02   2.1087399e-02   1.9967422e-02   1.5296464e-02
   1.5700000e+03   2.3354514e-02   3.2942618e-02   2.4397870e-02   2.1013887e-02   1.7381741e-02
   1.5800000e+03   4.4966210e-02   3.1062601e-02   2.0159159e-02   2.1257817e-02   1.4154939e-02
   1.5900000e+03   2.7323030e-02   3.1908581e-02   2.1815813e-02   1.7086481e-02   1.3163265e-02
   1.6000000e+03   3.0264217e-02   2.0523342e-02   1.9490792e-02   1.5456874e-02   1.4592321e-02
   1.6100000e+03   2.3246467e-02   2.4820685e-02   2.0839533e-02   2.0905814e-02   1.8707101e-02
   1.6200000e+03   1.8545086e-02   2.5439791e-02   2.1158032e-02   2.1118728e-02   1.5685276e-02
   1.6300000e+03   2.8837238e-02   3.4560497e-02   2.1184519e-02   1.6916659e-02   1.5469854e-02
   1.6400000e+03   4.0765750e-02   2.8696113e-02   1.7853883e-02   1.8044114e-02   1.2098725e-02
   1.6500000e+03   2.9668076e-02   2.3510584e-02   2.1854781e-02   1.8996143e-02   1.4305579e-02
   1.6600000e+03   3.1619238e-02   2.1705784e-02   1.6286014e-02   1.9331330e-02   1.3761228e-02
   1.6700000e+03   2.2316357e-02   2.4145571e-02   2.1079500e-02   1.9415946e-02   1.5855634e-02
   1.6800000e+03   2.2990396e-02   2.7822244e-02   2.3887727e-02   1.8481772e-02   1.4658527e-02
   1.6900000e+03   2.9723503e-02   3.0985813e-02   2.4541614e-02   2.0217302e-02   1.3979689e-02
   1.7000000e+03   3.4138400e-02   2.3236148e-02   2.1307255e-02   1.6975275e-02   1.5586523e-02
   1.7100000e+03   2.8395058e-02   2.3529865e-02   2.0672390e-02   1.7585539e-02   1.3888893e-02
   1.7200000e+03   2.8553039e-02   2.0697875e-02   1.7697481e-02   1.8679567e-02   1.4768729e-02
   1.7300000e+03   2.4331850e-02   2.8539965e-02   1.9519117e-02   1.8884747e-02   1.6267081e-02
   1.7400000e+03   2.2951427e-02   3.6124729e-02   1.8077691e-02   2.0459650e-02   1.3364527e-02
   1.7500000e+03   2.4826820e-02   2.5927552e-02   2.5041157e-02   1.6189431e-02   1.3534570e-02
   1.7600000e+03   2.7727002e-02   2.4967754e-02   2.3157291e-02   1.8244740e-02   1.3970217e-02
   1.7700000e+03   3.1623085e-02   1.9275071e-02   2.0314476e-02   1.6717208e-02   1.8273341e-02
   1.7800000e+03   2.3748689e-02   2.5169316e-02   1.8915774e-02   1.9498543e-02   1.6567763e-02
   1.7900000e+03   3.3987871e-02   2.5818512e-02   1.8401889e-02   2.0643478e-02   1.5998725e-02
   1.8000000e+03   2.8266686e-02   2.4855946e-02   2.3612264e-02   2.0357073e-02   1.3857114e-02
   1.8100000e+03   3.6554388e-02   2.8858033e-02   1.9917263e-02   1.6510144e-02   1.4244208e-02
   1.8200000e+03   2.4047670e-02   2.2299723e-02   2.3514514e-02   2.0752984e-02   1.5448874e-02
   1.8300000e+03   3.6239651e-02   2.9338496e-02   2.0760980e-02   2.3032103e-02   1.3338404e-02
   1.8400000e+03   2.5443299e-02   2.9941122e-02   2.0288664e-02   1.8917306e-02   1.7327679e-02
   1.8500000e+03   2.7290650e-02   2.6860643e-02   1.6694167e-02   1.8102454e-02   1.6003846e-02
   1.8600000e+03   2.7133638e-02   2.1389727e-02   2.2351522e-02   1.8150956e-02   1.4848352e-02
   1.8700000e+03   2.4941386e-02   2.4269850e-02   2.0720393e-02   1.6443724e-02   1.3931526e-02
   1.8800000e+03   3.4972180e-02   2.4584522e-02   1.7147957e-02   2.0208737e-02   1.7146716e-02
   1.8900000e+03   3.0680920e-02   2.6290266e-02   2.1747813e-02   1.9636107e-02   1.6269397e-02
   1.9000000e+03   3.6219969e-02   3.3734661e-02   2.0219019e-02   1.8809765e-02   1.6024036e-02
   1.9100000e+03   3.4910792e-02   2.4014547e-02   2.1404626e-02   1.7755878e-02   1.2210030e-02
   1.9200000e+03   3.3025523e-02   2.7511988e-02   2.0588716e-02   1.9644927e-02   1.4600223e-02
   1.9300000e+03   3.2828669e-02   2.1607432e-02   1.9679555e-02   2.2177037e-02   1.8313755e-02
   1.9400000e+03   2.7273495e-02   2.5237176e-02   2.1674317e-02   2.0564136e-02   1.5402117e-02
   1.9500000e+03   2.3896007e-02   3.0587809e-02   2.2732886e-02   2.2110669e-02   1.6002648e-02
   1.9600000e+03   2.8021058e-02   3.3595985e-02   2.0482192e-02   1.9093699e-02   1.2385599e-02
   1.9700000e+03   2.7285220e-02   2.4123366e-02   2.0715979e-02   1.6596774e-02   1.4724914e-02
   1.9800000e+03   3.0576877e-02   2.5408440e-02   2.1937995e-02   1.7625343e-02   1.6795964e-02
   1.9900000e+03   4.9412175e-02   2.5978771e-02   2.0167345e-02   1.8079897e-02   1.7972277e-02
   2.0000000e+03   3.2515592e-02   2.1552351e-02   2.1236629e-02   1.7845550e-02   1.4446287e-02
   2.0100000e+03   2.9218919e-02   3.8480018e-02   2.2318967e-02   1.9300993e-02   1.3190337e-02
   2.0200000e+03   2.4730725e-02   2.4734444e-02   2.0744712e-02   1.6307006e-02   1.6396430e-02
   2.0300000e+03   2.1867565e-02   2.5205839e-02   1.9724420e-02   2.0330053e-02   1.5460512e-02
   2.0400000e+03   3.6199777e-02   2.6866364e-02   1.9356444e-02   1.8249496e-02   1.7868311e-02
   2.0500000e+03   3.5942941e-02   2.6006413e-02   2.1640398e-02   2.1227274e-02   1.6676831e-02
   2.0600000e+03   3.4272567e-02   2.3956094e-02   2.0868927e-02   2.1353336e-02   1.2736579e-02
   2.0700000e+03   2.0340503e-02   3.0151897e-02   1.9309796e-02   1.8525435e-02   1.5525238e-02
   2.0800000e+03   3.1057695e-02   2.3530220e-02   2.5351374e-02   1.7738487e-02   1.5415789e-02
   2.0900000e+03   2.7755928e-02   3.1370516e-02   2.5022513e-02   1.5620860e-02   1.5351680e-02
   2.1000000e+03   3.8438429e-02   2.4907839e-02   2.1030579e-02   2.0648300e-02   1.6564775e-02
   2.1100000e+03   4.1495871e-02   2.8508999e-02   2.2027983e-02   1.8769158e-02   1.2766812e-02
   2.1200000e+03   2.5224520e-02   3.2140137e-02   2.1244058e-02   1.8188341e-02   1.3991422e-02
   2.1300000e+03   3.1847341e-02   2.2559587e-02   2.0755842e-02   1.5463563e-02   1.4681018e-02
   2.1400000e+03   2.7916371e-02   2.7760952e-02   2.0628542e-02   1.9974546e-02   1.5426925e-02
   2.1500000e+03   3.1299942e-02   2.1576230e-02   2.4541961e-02   1.7606458e-02   1.5335614e-02
   2.1600000e+03   3.6692933e-02   2.9068982e-02   2.0748253e-02   1.9939249e-02   1.3879110e-02
   2.1700000e+03   2.9962950e-02   2.7691975e-02   1.8587532e-02   1.7934425e-02   1.4283451e-02
   2.1800000e+03   4.2746703e-02   3.2534932e-02   2.0696147e-02   1.9023869e-02   1.1982386e-02
   2.1900000e+03   3.6307825e-02   2.3530827e-02   2.0256019e-02   1.8096109e-02   1.5479142e-02
   2.2000000e+03   2.3546741e-02   2.5076919e-02   1.9184839e-02   1.7006298e-02   1.8838877e-02
   2.2100000e+03   2.7360711e-02   2.6919873e-02   1.8781374e-02   1.9331297e-02   1.5669995e-02
   2.2200000e+03   3.4166465e-02   2.6392191e-02   2.1560906e-02   1.7908492e-02   1.4140700e-02
   2.2300000e+03   3.9938304e-02   3.1326873e-02   2.5002809e-02   1.6056991e-02   1.3706053e-02
   2.2400000e+03   1.9117218e-02   2.9484422e-02   2.0964911e-02   1.7644144e-02   1.6525725e-02
   2.2500000e+03   2.8360129e-02   2.0773911e-02   2.3944936e-02   1.8532606e-02   1.5885766e-02
   2.2600000e+03   3.6038607e-02   2.6073013e-02   2.3018759e-02   2.1682995e-02   1.5890948e-02
   2.2700000e+03   2.5916365e-02   3.1688212e-02   2.0937520e-02   1.7893108e-02   1.4070242e-02
   2.2800000e+03   2.5004067e-02   2.2117706e-02   2.1631238e-02   1.9543910e-02   1.3058522e-02
   2.2900000e+03   2.4179890e-02   3.5453575e-02   1.9626339e-02   1.5140143e-02   1.5460747e-02
   2.3000000e+03   2.8629224e-02   2.4348590e-02   2.0774777e-02   1.8142986e-02   1.7437535e-02
   2.3100000e+03   2.6185545e-02   2.0024866e-02   1.9392086e-02   1.9966005e-02   1.3427610e-02
   2.3200000e+03   2.3196154e-02   2.5251535e-02   1.7973243e-02   1.6957752e-02   1.3895689e-02
   2.3300000e+03   2.0394060e-02   3.1130919e-02   2.6943110e-02   1.9120346e-02   1.5036852e-02
   2.3400000e+03   2.5420981e-02   2.6722091e-02   1.9941127e-02   2.0492586e-02   1.5656391e-02
   2.3500000e+03   3.3549460e-02   2.3572670e-02   1.6677717e-02   1.7329584e-02   1.4439753e-02
   2.3600000e+03   3.0470960e-02   2.9109678e-02   1.8137230e-02   1.7572121e-02   1.3171670e-02
   2.3700000e+03   3.2734207e-02   2.3029141e-02   2.0212068e-02   2.1856840e-02   1.6053665e-02
   2.3800000e+03   2.6019737e-02   2.9457973e-02   2.0208334e-02   1.9426289e-02   1.5271734e-02
   2.3900000e+03   2.9120842e-02   2.8423900e-02   2.3516318e-02   2.2496482e-02   1.3410744e-02
   2.4000000e+03   3.4987884e-02   1.9880331e-02   2.1836613e-02   1.8041700e-02   1.5664603e-02
   2.4100000e+03   4.0489381e-02   3.1330432e-02   1.9651997e-02   1.8366166e-02   1.7554301e-02
   2.4200000e+03   2.0131217e-02   2.4718963e-02   2.0470815e-02   1.8109787e-02   1.3465025e-02
   2.4300000e+03   2.3776408e-02   2.4848385e-02   2.0586132e-02   2.2329734e-02   1.4461578e-02
   2.4400000e+03   2.5332040e-02   3.1654541e-02   2.2010159e-02   2.0458297e-02   1.3570872e-02
   2.4500000e+03   3.5065995e-02   2.6832328e-02   2.0504583e-02   1.9953979e-02   1.4446917e-02
   2.4600000e+03   2.5942216e-02   2.3379611e-02   2.6007935e-02   1.6870589e-02   1.5141029e-02
   2.4700000e+03   3.1280311e-02   2.1658283e-02   1.8868104e-02   1.5237137e-02   1.4588202e-02
   2.4800000e+03   3.2830428e-02   2.3563143e-02   2.0868936e-02   2.0796902e-02   1.7461151e-02
   2.4900000e+03   3.1864855e-02   3.0696473e-02   2.0317855e-02   2.0863897e-02   1.2625548e-02
   2.5000000e+03   3.2312488e-02   2.7795793e-02   2.0579480e-02   2.0858230e-02   1.4298637e-02
   2.5100000e+03   3.0848345e-02   2.7388471e-02   1.9980225e-02   1.7022762e-02   1.5867040e-02
   2.5200000e+03   2.3877058e-02   2.3882709e-02   2.1956103e-02   1.9265832e-02   1.6130009e-02
   2.5300000e+03   3.3937271e-02   2.7051192e-02   2.1394082e-02   2.0898206e-02   1.8898496e-02
   2.5400000e+03   2.5471106e-02   2.5300631e-02   1.6227753e-02   2.0363029e-02   1.3171174e-02
   2.5500000e+03   2.6608200e-02   2.6024052e-02   2.2443924e-02   1.4794802e-02   1.4446853e-02
   2.5600000e+03   4.5369085e-02   2.6676511e-02   2.1090668e-02   1.7742404e-02   1.4883717e-02
   2.5700000e+03   4.0299525e-02   2.9519306e-02   2.3645933e-02   2.2129490e-02   1.3424112e-02
   2.5800000e+03   2.6052904e-02   2.8657470e-02   2.3748625e-02   1.9107010e-02   1.6914404e-02
   2.5900000e+03   2.3859232e-02   2.6715876e-02   2.0245964e-02   1.8406423e-02   1.4547029e-02
   2.6000000e+03   2.5768124e-02   3.1624011e-02   2.1586851e-02   1.9714971e-02   1.3011897e-02
   2.6100000e+03   3.4728318e-02   3.0968570e-02   2.2420023e-02   1.6527427e-02   1.5475220e-02
   2.6200000e+03   3.0722634e-02   2.7902570e-02   1.8875460e-02   1.9534716e-02   1.4436998e-02
   2.6300000e+03   2.9357398e-02   2.5550328e-02   1.9574517e-02   1.7844901e-02   1.5471781e-02
   2.6400000e+03   2.6262969e-02   2.4126638e-02   1.6420102e-02   1.8364501e-02   1.4912172e-02
   2.6500000e+03   3.3124970e-02   2.7791435e-02   2.3005915e-02   1.6344303e-02   1.5027668e-02
   2.6600000e+03   3.2197955e-02   2.9640098e-02   2.4775955e-02   1.9360254e-02   1.5145486e-02
   2.6700000e+03   3.1948554e-02   2.6032169e-02   2.1586901e-02   1.7329367e-02   1.5956083e-02
   2.6800000e+03   3.3980438e-02   2.4811805e-02   1.7478869e-02   1.9657310e-02   1.7146333e-02
   2.6900000e+03   3.4172462e-02   2.6066702e-02   2.0511429e-02   1.9395494e-02   1.7581864e-02
   2.7000000e+03   3.0817936e-02   2.6578478e-02   1.9609455e-02   1.6196119e-02   1.4056355e-02
   2.7100000e+03   4.0590875e-02   3.3067051e-02   2.1532591e-02   1.9503948e-02   1.6084569e-02
   2.7200000e+03   2.8253346e-02   2.6077759e-02   2.4062130e-02   2.1381060e-02   1.5094070e-02
   2.7300000e+03   2.8006384e-02   2.4219771e-02   2.1818428e-02   1.5522459e-02   1.7698512e-02
   2.7400000e+03   3.1114479e-02   3.0177038e-02   1.8248118e-02   1.6759109e-02   1.5038443e-02
   2.7500000e+03   2.5857056e-02   2.5592278e-02   2.1645443e-02   2.0615041e-02   1.4423417e-02
   2.7600000e+03   3.0836156e-02   2.3749613e-02   2.0306145e-02   1.9254305e-02   1.3301074e-02
   2.7700000e+03   3.2931049e-02   2.7078902e-02   2.1992862e-02   1.8751219e-02   1.5045660e-02
   2.7800000e+03   3.9723645e-02   2.6008661e-02   2.1944786e-02   1.3623204e-02   1.8217719e-02
   2.7900000e+03   2.5448136e-02   2.4202618e-02   1.9315954e-02   1.6649664e-02   1.4930833e-02
   2.8000000e+03   2.2653699e-02   3.0898063e-02   1.9176247e-02   2.0111751e-02   1.6459503e-02
   2.8100000e+03   1.9556588e-02   2.3618228e-02   2.2122168e-02   2.1523832e-02   1.3501947e-02
   2.8200000e+03   2.9040966e-02   2.2800109e-02   2.2727349e-02   2.0911076e-02   1.3945538e-02
   2.8300000e+03   3.4716152e-02   2.5384610e-02   2.4801205e-02   1.6874481e-02   1.6201462e-02
   2.8400000e+03   3.7052045e-02   2.9974835e-02   2.0087894e-02   1.8061639e-02   1.5651009e-02
   2.8500000e+03   1.9866925e-02   2.4659354e-02   2.0823938e-02   1.7662888e-02   1.3381021e-02
   2.8600000e+03   3.5242745e-02   2.9655708e-02   1.9980901e-02   1.7098921e-02   1.4073997e-02
   2.8700000e+03   2.7760212e-02   2.9590465e-02   2.6854048e-02   1.8937764e-02   1.4670110e-02
   2.8800000e+03   2.6707471e-02   2.6675225e-02   1.7137789e-02   1.8762616e-02   1.4448925e-02
   2.8900000e+03   3.0059448e-02   2.8685681e-02   2.1190494e-02   1.8229759e-02   1.4618562e-02
   2.9000000e+03   3.2433380e-02   2.3614384e-02   2.2182099e-02   2.0172518e-02   1.7044700e-02
   2.9100000e+03   4.5666364e-02   2.1959113e-02   1.8857954e-02   2.2495263e-02   1.5631390e-02
   2.9200000e+03   2.5095030e-02   2.5434317e-02   2.4091111e-02   1.8383242e-02   1.4026014e-02
   2.9300000e+03   2.7920749e-02   2.5673506e-02   2.1656753e-02   1.5474293e-02   1.3746708e-02
   2.9400000e+03   2.9641972e-02   2.6547673e-02   2.4998031e-02   1.7510702e-02   1.5628287e-02
   2.9500000e+03   3.0503694e-02   2.6184237e-02   1.8640539e-02   2.1499340e-02   1.5233094e-02
   2.9600000e+03   2.9786893e-02   2.8466311e-02   2.0373705e-02   1.9512870e-02   1.9436225e-02
   2.9700000e+03   3.3588980e-02   2.3504651e-02   1.9639334e-02   2.0008996e-02   1.7782197e-02
   2.9800000e+03   3.0180020e-02   2.8706877e-02   2.3337330e-02   1.6118473e-02   1.3562175e-02
   2.9900000e+03   2.6625661e-02   2.3773209e-02   2.4222942e-02   1.5703159e-02   1.3249856e-02
   3.0000000e+03   3.1665450e-02   2.6285574e-02   1.9179928e-02   1.8640073e-02   1.3579897e-02
   3.0100000e+03   2.5560928e-02   2.8709016e-02   2.2402520e-02   1.7709185e-02   1.7465709e-02
   3.0200000e+03   4.2453700e-02   2.7295960e-02   2.2536619e-02   1.8352515e-02   1.4874313e-02
   3.0300000e+03   2.8739599e-02   2.2154417e-02   2.2906203e-02   2.0385287e-02   1.5771042e-02
   3.0400000e+03   2.9276670e-02   2.7665215e-02   1.9505027e-02   2.0851962e-02   1.4122589e-02
   3.0500000e+03   3.2224373e-02   2.7319418e-02   2.1393238e-02   1.9599757e-02   1.6124596e-02
   3.0600000e+03   3.5080554e-02   2.8814596e-02   1.8973155e-02   1.8237749e-02   1.5460944e-02
   3.0700000e+03   3.0370290e-02   2.7444658e-02   1.9429358e-02   1.7753776e-02   1.6149500e-02
   3.0800000e+03   2.6051182e-02   2.4368049e-02   2.2015507e-02   1.5971351e-02   1.3919277e-02
   3.0900000e+03   4.5156135e-02   3.0014569e-02   2.0728594e-02   1.8439207e-02   1.4610399e-02
   3.1000000e+03   3.1620629e-02   2.8034341e-02   1.9840072e-02   2.1569331e-02   1.5436800e-02
   3.1100000e+03   2.4639010e-02   2.7422107e-02   2.0763702e-02   1.6422454e-02   1.2497164e-02
   3.1200000e+03   2.4651244e-02   2.4639792e-02   2.0931388e-02   1.7190654e-02   1.4585617e-02
   3.1300000e+03   2.7167643e-02   3.0695203e-02   1.9276751e-02   1.8140682e-02   1.4668788e-02
   3.1400000e+03   3.0556988e-02   2.6870592e-02   2.2020163e-02   1.8061028e-02   1.4490133e-02
   3.1500000e+03   2.4594785e-02   2.4748723e-02   2.2584368e-02   2.0006240e-02   1.3993302e-02
   3.1600000e+03   2.9668480e-02   2.3052338e-02   2.8239447e-02   1.5442076e-02   1.6672911e-02
   3.1700000e+03   3.4904430e-02   2.6031013e-02   1.7680874e-02   2.0141870e-02   1.6814143e-02
   3.1800000e+03   3.3315510e-02   2.3239838e-02   2.0324943e-02   1.7837137e-02   1.3637870e-02
   3.1900000e+03   2.7190887e-02   2.8252274e-02   2.3559840e-02   2.2731153e-02   1.5320958e-02
   3.2000000e+03   2.2985135e-02   3.0867838e-02   2.4152247e-02   1.7133658e-02   1.4991599e-02
   3.2100000e+03   2.8452990e-02   2.7395640e-02   2.0073321e-02   1.6072607e-02   1.5490465e-02
   3.2200000e+03   2.7428954e-02   2.7511580e-02   1.8172958e-02   1.8359685e-02   1.6292760e-02
   3.2300000e+03   3.1047372e-02   2.3279930e-02   2.0877697e-02   1.9482290e-02   1.5367246e-02
   3.2400000e+03   3.2355942e-02   2.8155215e-02   2.0848277e-02   1.6942423e-02   1.4856446e-02
   3.2500000e+03   3.1981213e-02   2.3731735e-02   2.2494210e-02   1.8889388e-02   1.2470326e-02
   3.2600000e+03   2.9698939e-02   3.0816581e-02   2.1742890e-02   1.7836634e-02   1.3283440e-02
   3.2700000e+03   2.4495488e-02   2.7412416e-02   2.2283682e-02   1.9072158e-02   1.7550112e-02
   3.2800000e+03   2.5857185e-02   2.7923828e-02   1.9264060e-02   2.0061932e-02   1.3950063e-02
   3.2900000e+03   3.5142660e-02   3.1916066e-02   1.8537727e-02   1.9658902e-02   1.4005379e-02
   3.3000000e+03   2.8945257e-02   2.1634909e-02   2.2334074e-02   1.7864275e-02   1.5086993e-02
   3.3100000e+03   2.8000505e-02   2.6986698e-02   2.2629830e-02   1.7355237e-02   1.3735042e-02
   3.3200000e+03   1.9841971e-02   2.7345303e-02   1.8603514e-02   1.8379037e-02   1.4617522e-02
   3.3300000e+03   3.6088559e-02   3.0378615e-02   2.1001196e-02   1.9884419e-02   1.7443416e-02
   3.3400000e+03   3.5075329e-02   2.4007379e-02   2.3050156e-02   1.8086008e-02   1.6395735e-02
   3.3500000e+03   2.1990079e-02   2.2231239e-02   1.9184130e-02   1.6979725e-02   1.3967017e-02
   3.3600000e+03   3.3146266e-02   2.7126083e-02   2.0885085e-02   1.6635559e-02   1.3968952e-02
   3.3700000e+03   1.9059767e-02   2.3790735e-02   1.9766145e-02   1.9705653e-02   1.5826116e-02
   3.3800000e+03   3.1663198e-02   2.6978848e-02   2.1167569e-02   1.9356138e-02   1.4679458e-02
   3.3900000e+03   3.0917010e-02   3.1055325e-02   1.9442402e-02   1.7251899e-02   1.4299095e-02
   3.4000000e+03   2.8788147e-02   2.8164996e-02   2.1944464e-02   1.7622827e-02   1.6705312e-02
   3.4100000e+03   2.7900084e-02   2.5989214e-02   2.0748966e-02   1.7273814e-02   1.2787478e-02
   3.4200000e+03   2.8304820e-02   2.3014969e-02   2.0514246e-02   1.9018461e-02   1.6107189e-02
   3.4300000e+03   2.2489055e-02   2.6664720e-02   1.8667906e-02   1.7746165e-02   1.3259690e-02
   3.4400000e+03   2.6956690e-02   2.6445741e-02   2.1083734e-02   2.1680932e-02   1.6346443e-02
   3.4500000e+03   3.0088431e-02   3.0555930e-02   2.0132537e-02   1.9237998e-02   1.5387235e-02
   3.4600000e+03   3.7386362e-02   2.4339563e-02   2.1040854e-02   1.7181368e-02   1.5554707e-02
   3.4700000e+03   3.5527687e-02   2.6854122e-02   2.3913778e-02   2.0566506e-02   1.3053809e-02
   3.4800000e+03   3.2967514e-02   2.8997802e-02   2.2837329e-02   2.1802748e-02   1.5294522e-02
   3.4900000e+03   1.8738250e-02   2.9684174e-02   2.2956724e-02   1.8382577e-02   1.6322134e-02
   3.5000000e+03   2.5225457e-02   2.6585514e-02   2.1711171e-02   1.8051448e-02   1.8052399e-02
   3.5100000e+03   4.2199857e-02   2.6957925e-02   2.1152579e-02   1.8435280e-02   1.4417153e-02
   3.5200000e+03   3.9295502e-02   2.7937996e-02   2.0969967e-02   1.9203850e-02   1.4370634e-02
   3.5300000e+03   3.0010611e-02   2.3424575e-02   2.4002422e-02   1.9775885e-02   1.3113605e-02
   3.5400000e+03   1.8032992e-02   2.4204452e-02   1.8397717e-02   1.5698046e-02   1.5701233e-02
   3.5500000e+03   2.9967477e-02   3.0943755e-02   2.1331648e-02   1.9623437e-02   1.6421960e-02
   3.5600000e+03   3.2748710e-02   2.6951609e-02   2.0208912e-02   1.9258289e-02   1.4147926e-02
   3.5700000e+03   3.4704405e-02   2.6276174e-02   2.0541659e-02   2.3469489e-02   1.5629569e-02
   3.5800000e+03   3.2855423e-02   2.8185290e-02   2.2970275e-02   1.9118724e-02   1.2928272e-02
   3.5900000e+03   2.2204334e-02   2.7925040e-02   2.0589362e-02   1.6714997e-02   1.5135201e-02
   3.6000000e+03   3.4833519e-02   2.6362409e-02   2.0065589e-02   1.9277283e-02   1.5141045e-02
   3.6100000e+03   2.6442060e-02   2.6474115e-02   2.1422433e-02   1.4262927e-02   1.4625450e-02
   3.6200000e+03   3.4256458e-02   2.8459830e-02   2.3199444e-02   2.0457150e-02   1.5558743e-02
   3.6300000e+03   2.8495309e-02   2.5225164e-02   1.9799978e-02   1.7014993e-02   1.3082009e-02
   3.6400000e+03   2.4440450e-02   2.6881974e-02   2.9417479e-02   1.5058427e-02   1.5124651e-02
   3.6500000e+03   1.9446849e-02   2.3793785e-02   1.9777014e-02   2.0075039e-02   1.7297615e-02
   3.6600000e+03   3.1799615e-02   2.3801009e-02   1.9079310e-02   2.0577235e-02   1.5192888e-02
   3.6700000e+03   2.9926483e-02   3.1813513e-02   2.0464293e-02   1.5862539e-02   1.3537516e-02
   3.6800000e+03   4.4331470e-02   2.7826839e-02   2.1111721e-02   1.6329012e-02   1.3321032e-02
   3.6900000e+03   3.0282478e-02   2.5551725e-02   1.9169051e-02   1.3893177e-02   1.5078589e-02
   3.7000000e+03   2.3307054e-02   2.4896574e-02   2.3710531e-02   1.9220038e-02   1.2909595e-02
   3.7100000e+03   2.6890089e-02   2.8686139e-02   1.8692140e-02   2.0560854e-02   1.6369051e-02
   3.7200000e+03   2.7809355e-02   3.1938159e-02   1.7807497e-02   1.9100070e-02   1.5547909e-02
   3.7300000e+03   2.9736491e-02   2.5651700e-02   2.3458264e-02   1.7572427e-02   1.4970425e-02
   3.7400000e+03   2.8056739e-02   2.5765754e-02   2.0193355e-02   1.7926525e-02   1.2572211e-02
   3.7500000e+03   3.3697723e-02   2.5419343e-02   2.3080211e-02   1.9411010e-02   1.7386160e-02
   3.7600000e+03   2.5816847e-02   2.6168018e-02   2.1768538e-02   1.7674900e-02   1.5278326e-02
   3.7700000e+03   2.7452428e-02   2.6633254e-02   1.9691857e-02   1.9022828e-02   1.5700364e-02
   3.7800000e+03   2.2324096e-02   2.5046923e-02   2.1431511e-02   1.8540926e-02   1.5885443e-02
   3.7900000e+03   3.0874375e-02   3.1523158e-02   2.0509431e-02   1.6462331e-02   1.3140231e-02
   3.8000000e+03   3.2472860e-02   2.5339827e-02   1.7627085e-02   1.9429765e-02   1.5453680e-02
   3.8100000e+03   2.9371509e-02   2.8235033e-02   2.0694956e-02   1.8564730e-02   1.6920864e-02
   3.8200000e+03   3.0478631e-02   2.4070873e-02   2.5167837e-02   1.7293533e-02   1.6023296e-02
   3.8300000e+03   2.9318521e-02   2.9098307e-02   1.7983201e-02   1.8969649e-02   1.6823373e-02
   3.8400000e+03   3.7575865e-02   3.0561692e-02   2.0606387e-02   1.9432828e-02   1.4948901e-02
   3.8500000e+03   3.1849427e-02   2.5065606e-02   2.0043806e-02   1.5568869e-02   1.4742255e-02
   3.8600000e+03   3.0787890e-02   2.5093149e-02   2.0111377e-02   2.0212471e-02   1.3531947e-02
   3.8700000e+03   2.3114379e-02   2.2059120e-02   1.8495414e-02   1.9833282e-02   1.5020266e-02
   3.8800000e+03   3.5599285e-02   3.0083250e-02   2.5487634e-02   1.9562889e-02   1.4142928e-02
   3.8900000e+03   5.0565475e-02   2.7249855e-02   1.6992824e-02   1.8279093e-02   1.4906069e-02
   3.9000000e+03   3.6125451e-02   2.8127990e-02   1.9539328e-02   2.0908781e-02   1.4306165e-02
   3.9100000e+03   2.5219974e-02   2.7963384e-02   2.3899253e-02   1.6833544e-02   1.4169445e-02
   3.9200000e+03   2.5271803e-02   2.1687922e-02   1.6306197e-02   1.9218034e-02   1.6961429e-02
   3.9300000e+03   2.9666741e-02   2.5274362e-02   2.1877526e-02   1.8296916e-02   1.4669353e-02
   3.9400000e+03   3.8729465e-02   2.6320193e-02   2.3230470e-02   1.9547376e-02   1.4720991e-02
   3.9500000e+03   3.0136224e-02   3.2218993e-02   2.1339151e-02   2.2141452e-02   1.4492740e-02
   3.9600000e+03   3.0614856e-02   2.6301464e-02   2.1627732e-02   1.6340827e-02   1.3685595e-02
   3.9700000e+03   2.8008046e-02   2.4163078e-02   1.7549872e-02   1.9324995e-02   1.5012596e-02
   3.9800000e+03   2.3593239e-02   2.1355105e-02   1.9359375e-02   1.8497719e-02   1.9643270e-02
   3.9900000e+03   2.8696264e-02   2.6243295e-02   2.4117236e-02   2.1558795e-02   1.6197213e-02
   4.0000000e+03   4.1112082e-02   2.7290159e-02   2.5495902e-02   2.2543436e-02   1.3621354e-02
   4.0100000e+03   4.7425622e-02   3.1775897e-02   2.0942153e-02   1.5478871e-02   1.3188310e-02
   4.0200000e+03   2.6129663e-02   3.6161563e-02   1.7335591e-02   1.7731560e-02   1.5655109e-02
   4.0300000e+03   2.1475811e-02   2.2919868e-02   2.0067924e-02   1.8176602e-02   1.5165918e-02
   4.0400000e+03   3.6580628e-02   3.1169080e-02   2.2683342e-02   1.7935958e-02   1.2689120e-02
   4.0500000e+03   2.6036976e-02   2.4730932e-02   2.2525220e-02   1.7824095e-02   1.5663549e-02
   4.0600000e+03   3.5039684e-02   2.4830228e-02   3.1172577e-02   1.4548807e-02   1.2858101e-02
   4.0700000e+03   2.7336153e-02   2.3638719e-02   1.7418205e-02   1.7141481e-02   1.7129753e-02
   4.0800000e+03   1.8872064e-02   2.4060836e-02   1.8203233e-02   1.9396115e-02   1.3669915e-02
   4.0900000e+03   2.9396381e-02   2.4173692e-02   1.8112857e-02   1.6831022e-02   1.6714861e-02
   4.1000000e+03   3.2765122e-02   2.5012480e-02   2.3967628e-02   2.1815482e-02   1.5720888e-02
   4.1100000e+03   3.2010884e-02   2.4122641e-02   2.3528247e-02   1.6938767e-02   1.1054167e-02
   4.1200000e+03   2.0194312e-02   2.7577263e-02   1.9109587e-02   1.8732422e-02   1.6904204e-02
   4.1300000e+03   2.5591882e-02   2.3148181e-02   2.1869760e-02   1.7491541e-02   1.6462922e-02
   4.1400000e+03   2.0174606e-02   2.1940701e-02   1.8432028e-02   2.0541890e-02   1.3373017e-02
   4.1500000e+03   2.9048459e-02   2.8952274e-02   2.3896103e-02   1.9481870e-02   1.5411375e-02
   4.1600000e+03   4.5593501e-02   2.6756304e-02   1.8707258e-02   2.0695417e-02   1.4939804e-02
   4.1700000e+03   3.4080528e-02   2.9083216e-02   1.9910487e-02   1.8253673e-02   1.4623357e-02
   4.1800000e+03   2.4624046e-02   2.4204170e-02   2.1188210e-02   1.9083968e-02   1.4900806e-02
   4.1900000e+03   3.0887144e-02   2.6340195e-02   2.2346036e-02   1.8144601e-02   1.3826642e-02
   4.2000000e+03   2.0277510e-02   2.3332172e-02   2.1232809e-02   2.0404969e-02   1.2346529e-02
   4.2100000e+03   3.5377477e-02   2.8683543e-02   2.2896067e-02   1.7402765e-02   1.6970482e-02
   4.2200000e+03   4.7019927e-02   2.4736378e-02   2.1230902e-02   1.8936798e-02   1.3391639e-02
   4.2300000e+03   3.4934151e-02   2.8940579e-02   1.9121140e-02   1.8065411e-02   1.7908354e-02
   4.2400000e+03   2.1004278e-02   3.1995787e-02   1.9878412e-02   1.7131523e-02   1.4455256e-02
   4.2500000e+03   2.2914613e-02   2.9794850e-02   1.9021024e-02   1.8105000e-02   1.3911387e-02
   4.2600000e+03   2.9891329e-02   2.5105844e-02   2.3109406e-02   1.9395202e-02   1.5331853e-02
   4.2700000e+03   2.5175786e-02   2.9346304e-02   2.3902927e-02   1.7164749e-02   1.4965035e-02
   4.2800000e+03   2.9558089e-02   2.7913006e-02   2.2515952e-02   1.9410889e-02   1.6664106e-02
   4.2900000e+03   3.2839561e-02   2.6185246e-02   1.7251967e-02   1.8863769e-02   1.3737525e-02
   4.3000000e+03   2.7258131e-02   2.4063830e-02   1.9258090e-02   1.8204313e-02   1.6108575e-02
   4.3100000e+03   3.1855205e-02   2.8459998e-02   1.9275841e-02   2.0423090e-02   1.5122894e-02
   4.3200000e+03   2.2330161e-02   2.5813132e-02   2.0652674e-02   1.9729999e-02   1.5810238e-02
   4.3300000e+03   1.7553292e-02   2.8607766e-02   2.2430869e-02   1.7497806e-02   1.1932127e-02
   4.3400000e+03   3.2691954e-02   3.5031208e-02   2.1339598e-02   1.4215398e-02   1.5363039e-02
   4.3500000e+03   3.4254127e-02   2.9842474e-02   2.1272108e-02   1.8677748e-02   1.6132862e-02
   4.3600000e+03   3.6067117e-02   2.3286279e-02   2.2224168e-02   1.8875152e-02   1.5849611e-02
   4.3700000e+03   2.0967426e-02   2.7571987e-02   2.0377409e-02   1.8777845e-02   1.3079198e-02
   4.3800000e+03   2.3500892e-02   2.6945785e-02   2.2479862e-02   1.9158811e-02   1.4450096e-02
   4.3900000e+03   2.3167508e-02   2.5905094e-02   2.2707616e-02   1.5301246e-02   1.4817663e-02
   4.4000000e+03   2.7431729e-02   2.5902209e-02   2.3577428e-02   1.9623908e-02   1.2240977e-02
   4.4100000e+03   2.5821562e-02   2.7316198e-02   2.1555010e-02   1.8163287e-02   1.9010639e-02
   4.4200000e+03   2.0245268e-02   2.7503782e-02   2.2649870e-02   1.9097698e-02   1.7562411e-02
   4.4300000e+03   3.0822774e-02   3.2362416e-02   2.1570340e-02   1.9881081e-02   1.4150212e-02
   4.4400000e+03   3.6994018e-02   2.7569661e-02   1.9462785e-02   2.0721691e-02   1.5324084e-02
   4.4500000e+03   2.0971685e-02   3.2324901e-02   2.0846881e-02   1.8677692e-02   1.5765357e-02
   4.4600000e+03   2.9798511e-02   2.3118546e-02   2.4399483e-02   1.7029902e-02   1.4056309e-02
   4.4700000e+03   3.6992318e-02   2.5833008e-02   1.9277350e-02   2.0346633e-02   1.2964178e-02
   4.4800000e+03   3.2263676e-02   3.1799578e-02   2.3197735e-02   1.9727614e-02   1.7768419e-02
   4.4900000e+03   4.4480462e-02   3.0916626e-02   2.0685604e-02   1.7703708e-02   1.5656309e-02
   4.5000000e+03   3.5786417e-02   2.6932146e-02   1.8424700e-02   1.5779818e-02   1.5658371e-02
   4.5100000e+03   2.3548870e-02   2.5820106e-02   2.3264020e-02   1.8723367e-02   1.2914759e-02
   4.5200000e+03   2.7378859e-02   2.5002821e-02   2.5243635e-02   1.7068676e-02   1.5009222e-02
   4.5300000e+03   1.6537049e-02   2.9201622e-02   2.2070689e-02   2.0174444e-02   1.4996861e-02
   4.5400000e+03   3.5179651e-02   2.3991853e-02   2.5564891e-02   1.7534397e-02   1.4143604e-02
   4.5500000e+03   3.1780367e-02   2.8028290e-02   2.0948018e-02   2.0806190e-02   1.7018833e-02
   4.5600000e+03   3.7358429e-02   3.1530256e-02   2.0403461e-02   2.1682332e-02   1.4185211e-02
   4.5700000e+03   3.0091811e-02   2.6579390e-02   1.7368533e-02   1.7812676e-02   1.4583566e-02
   4.5800000e+03   2.9591413e-02   2.6092726e-02   2.0956063e-02   1.7499272e-02   1.3956885e-02
   4.5900000e+03   3.1950255e-02   2.0729684e-02   2.2882426e-02   1.7987622e-02   1.4560485e-02
   4.6000000e+03   1.8597153e-02   2.6935073e-02   2.2248566e-02   1.6859353e-02   1.3480667e-02
   4.6100000e+03   3.0621005e-02   3.3042766e-02   2.3033015e-02   1.4804799e-02   1.5270485e-02
   4.6200000e+03   3.7237345e-02   2.7086710e-02   1.7544405e-02   1.8046338e-02   1.5525948e-02
   4.6300000e+03   2.9429592e-02   2.3044752e-02   1.8280741e-02   2.1091864e-02   1.3366782e-02
   4.6400000e+03   3.5083599e-02   2.5327937e-02   2.2929711e-02   2.3631514e-02   1.6008857e-02
   4.6500000e+03   3.2120369e-02   2.5506230e-02   2.4358686e-02   1.6439088e-02   1.3118115e-02
   4.6600000e+03   2.7741863e-02   2.9229796e-02   2.3530006e-02   1.7014987e-02   1.4311775e-02
   4.6700000e+03   3.3636451e-02   2.9892225e-02   1.9420927e-02   1.8478341e-02   1.4507783e-02
   4.6800000e+03   3.0085736e-02   2.2720383e-02   2.2072358e-02   1.5732271e-02   1.4956818e-02
   4.6900000e+03   2.6720314e-02   2.5833786e-02   1.9221388e-02   2.1589495e-02   1.6060772e-02
   4.7000000e+03   2.3680384e-02   2.7205083e-02   1.8719655e-02   1.7371521e-02   1.5305981e-02
   4.7100000e+03   3.6038505e-02   2.9552735e-02   1.9391617e-02   2.1663707e-02   1.6243369e-02
   4.7200000e+03   3.0339289e-02   2.2581537e-02   1.9448496e-02   1.7371932e-02   1.4520223e-02
   4.7300000e+03   2.7095058e-02   2.6861501e-02   2.2296784e-02   2.0505652e-02   1.4639202e-02
   4.7400000e+03   3.1573353e-02   2.2753858e-02   2.0228216e-02   1.4650530e-02   1.5156862e-02
   4.7500000e+03   2.5878426e-02   3.0464225e-02   2.0419933e-02   1.9082943e-02   1.5820905e-02
   4.7600000e+03   3.7836175e-02   3.1548591e-02   2.1732288e-02   1.9634010e-02   1.3911983e-02
   4.7700000e+03   3.4591413e-02   2.5097859e-02   2.0760028e-02   1.7678205e-02   1.3932401e-02
   4.7800000e+03   2.6667871e-02   3.4399086e-02   1.9178898e-02   1.6355304e-02   1.3755042e-02
   4.7900000e+03   2.3692488e-02   2.4860871e-02   1.9663436e-02   1.8557898e-02   1.3122000e-02
   4.8000000e+03   3.3252282e-02   2.7313463e-02   2.1215123e-02   2.1406877e-02   1.6632396e-02
   4.8100000e+03   2.7201691e-02   2.5414950e-02   2.5249921e-02   2.2483000e-02   1.4396823e-02
   4.8200000e+03   2.9166456e-02   3.0043365e-02   1.7610637e-02   1.8374247e-02   1.3741260e-02
   4.8300000e+03   3.7904911e-02   2.4651100e-02   2.1722748e-02   1.9546654e-02   1.2864972e-02
   4.8400000e+03   3.2258534e-02   2.6822812e-02   2.1719309e-02   1.8427478e-02   1.5355211e-02
   4.8500000e+03   3.2211366e-02   2.8991553e-02   2.0080158e-02   1.7007858e-02   1.9467208e-02
   4.8600000e+03   2.7522193e-02   2.3012923e-02   1.9032811e-02   1.8934497e-02   1.6332355e-02
   4.8700000e+03   3.8478283e-02   3.3173996e-02   1.8926196e-02   1.9716089e-02   1.5994987e-02
   4.8800000e+03   3.5327863e-02   2.8957311e-02   2.0553298e-02   1.7765235e-02   1.2820089e-02
   4.8900000e+03   3.5553043e-02   2.4373306e-02   2.2489431e-02   1.6622978e-02   1.3792729e-02
   4.9000000e+03   3.3294940e-02   2.3447068e-02   2.3628773e-02   1.8911711e-02   1.5854694e-02
   4.9100000e+03   2.5484063e-02   2.9563548e-02   2.2224534e-02   1.8747497e-02   1.5887869e-02
   4.9200000e+03   3.8088294e-02   2.3287790e-02   1.7026937e-02   1.6448482e-02   1.4735994e-02
   4.9300000e+03   3.0446366e-02   2.8364325e-02   2.2321214e-02   1.5401170e-02   1.3934208e-02
   4.9400000e+03   3.2790070e-02   2.4745256e-02   2.0856794e-02   1.8024862e-02   1.4304271e-02
   4.9500000e+03   2.4456251e-02   2.6924269e-02   1.8922758e-02   1.9237381e-02   1.5334436e-02
   4.9600000e+03   2.9807289e-02   2.2801893e-02   2.3198970e-02   1.9955982e-02   1.5097487e-02
   4.9700000e+03   3.4990286e-02   2.5594035e-02   2.5486019e-02   1.7073585e-02   1.5368310e-02
   4.9800000e+03   2.6552423e-02   2.5879712e-02   2.0436915e-02   1.9847067e-02   1.3883373e-02
   4.9900000e+03   3.3748044e-02   2.9663589e-02   2.5169260e-02   1.8706210e-02   1.4120407e-02
   5.0000000e+03   2.1208679e-02   2.9047185e-02   1.9586176e-02   1.8533474e-02   1.8457900e-02
   5.0100000e+03   2.9041827e-02   3.0281280e-02   2.2691140e-02   1.5861404e-02   1.6103205e-02
   5.0200000e+03   3.7990415e-02   2.7664796e-02   2.0898301e-02   1.8605182e-02   1.4794414e-02
   5.0300000e+03   3.7552033e-02   2.6037410e-02   2.1070823e-02   1.8567518e-02   1.6678132e-02
   5.0400000e+03   3.6292261e-02   2.5938913e-02   1.9580952e-02   1.5341687e-02   1.6201402e-02
   5.0500000e+03   3.1355955e-02   2.2787614e-02   1.9748981e-02   1.9711831e-02   1.4973032e-02
   5.0600000e+03   1.9919081e-02   2.4035760e-02   2.4143166e-02   1.9773458e-02   1.4535595e-02
   5.0700000e+03   3.1188379e-02   2.6063187e-02   2.1938771e-02   2.1611778e-02   1.6934774e-02
   5.0800000e+03   3.2714039e-02   2.6303338e-02   2.1758705e-02   1.7025741e-02   1.4061783e-02
   5.0900000e+03   3.3269458e-02   3.1032599e-02   1.9546102e-02   1.8598224e-02   1.2800740e-02
   5.1000000e+03   3.7708873e-02   2.4169403e-02   1.7264571e-02   1.6585200e-02   1.5467751e-02
   5.1100000e+03   3.3485511e-02   2.3302200e-02   2.0709515e-02   1.7581109e-02   1.4933286e-02
   5.1200000e+03   2.6923079e-02   2.6454764e-02   2.4271558e-02   1.5874455e-02   1.5867625e-02
   5.1300000e+03   2.9931805e-02   2.7552611e-02   2.3146413e-02   1.8159876e-02   1.4695741e-02
   5.1400000e+03   3.8874818e-02   2.5211036e-02   1.8492161e-02   2.0103209e-02   1.3401948e-02
   5.1500000e+03   2.5025329e-02   2.3306609e-02   2.2314155e-02   2.1457603e-02   1.5211380e-02
   5.1600000e+03   2.7173953e-02   2.7454868e-02   2.4126269e-02   1.7532641e-02   1.4440821e-02
   5.1700000e+03   2.9286332e-02   3.1142042e-02   2.5101949e-02   1.7305080e-02   1.4369024e-02
   5.1800000e+03   3.1442145e-02   2.6094776e-02   2.1383420e-02   1.8492375e-02   1.5081592e-02
   5.1900000e+03   4.0921003e-02   2.8940912e-02   1.8240298e-02   1.7911611e-02   1.4587233e-02
   5.2000000e+03   2.2802608e-02   2.8101361e-02   1.9054453e-02   1.8668359e-02   1.4804956e-02
   5.2100000e+03   3.3714826e-02   2.8116351e-02   1.8655550e-02   2.1407996e-02   1.3509770e-02
   5.2200000e+03   2.2671943e-02   2.7686544e-02   1.8964405e-02   2.0146457e-02   1.4104564e-02
   5.2300000e+03   2.6124800e-02   2.7698720e-02   2.4168066e-02   1.6060082e-02   1.3788032e-02
   5.2400000e+03   3.1273250e-02   2.8605889e-02   2.0134177e-02   1.6995220e-02   1.6655558e-02
   5.2500000e+03   3.7132222e-02   2.5429062e-02   1.8774257e-02   2.0118164e-02   1.5690500e-02
   5.2600000e+03   3.0093852e-02   2.6633997e-02   2.3139337e-02   1.7155105e-02   1.4516210e-02
   5.2700000e+03   2.5110312e-02   2.4175291e-02   2.1388405e-02   2.0059851e-02   1.4821618e-02
   5.2800000e+03   2.0165500e-02   3.2465474e-02   2.1464537e-02   1.6667032e-02   1.5384890e-02
   5.2900000e+03   2.3701161e-02   2.8301774e-02   2.1632423e-02   1.8599836e-02   1.6523763e-02
   5.3000000e+03   2.8688198e-02   3.0555885e-02   1.8528190e-02   2.0646233e-02   1.6953917e-02
   5.3100000e+03   3.2058090e-02   2.6871333e-02   2.0891815e-02   1.8128997e-02   1.6706567e-02
   5.3200000e+03   4.7184329e-02   2.5397857e-02   2.1943451e-02   1.7047826e-02   1.3745771e-02
   5.3300000e+03   2.4233846e-02   2.7149791e-02   2.3077724e-02   1.9065211e-02   1.4043876e-02
   5.3400000e+03   2.4308977e-02   2.6083263e-02   2.1842705e-02   2.1406003e-02   1.6287712e-02
   5.3500000e+03   2.2410316e-02   2.9402418e-02   2.1441277e-02   1.6506228e-02   1.5055279e-02
   5.3600000e+03   2.7072257e-02   2.5530404e-02   1.7199875e-02   1.7194790e-02   1.7570948e-02
   5.3700000e+03   2.8345588e-02   3.0752370e-02   1.9840003e-02   2.1052004e-02   1.6003830e-02
   5.3800000e+03   2.0182635e-02   2.7695678e-02   2.3498847e-02   1.9457472e-02   1.5595820e-02
   5.3900000e+03   2.3963593e-02   2.9821251e-02   2.4428619e-02   1.6858831e-02   1.5197903e-02
   5.4000000e+03   3.2214415e-02   2.7563283e-02   2.1645056e-02   2.0148548e-02   1.5317163e-02
   5.4100000e+03   4.0013817e-02   2.7322886e-02   1.9078584e-02   2.0640947e-02   1.5391133e-02
   5.4200000e+03   2.9356671e-02   2.7521103e-02   2.2972007e-02   2.0398126e-02   1.3901329e-02
   5.4300000e+03   2.9514467e-02   2.7409556e-02   1.8585685e-02   2.1048101e-02   1.4127108e-02
   5.4400000e+03   3.0499006e-02   2.4479615e-02   2.1857233e-02   1.7806447e-02   1.4438435e-02
   5.4500000e+03   2.3276448e-02   2.9282148e-02   2.2920939e-02   1.8228574e-02   1.8488294e-02
   5.4600000e+03   2.1779591e-02   2.6360320e-02   2.3117906e-02   1.6966775e-02   1.4221024e-02
   5.4700000e+03   4.2024760e-02   2.8315389e-02   2.0312412e-02   1.8073253e-02   1.5898813e-02
   5.4800000e+03   2.9412416e-02   2.8550312e-02   1.8181789e-02   2.0445752e-02   1.4098086e-02
   5.4900000e+03   2.5338056e-02   2.7864383e-02   1.9244865e-02   2.1835955e-02   1.5610240e-02
   5.5000000e+03   2.0322341e-02   2.7304769e-02   2.0952933e-02   1.8774735e-02   1.5265782e-02
   5.5100000e+03   3.2803533e-02   2.5616819e-02   2.2382191e-02   2.1026574e-02   1.5132763e-02
   5.5200000e+03   3.5237579e-02   3.0297918e-02   2.1136303e-02   1.7444029e-02   1.7322738e-02
   5.5300000e+03   2.8434604e-02   2.7810831e-02   2.1826626e-02   1.9307420e-02   1.5603776e-02
   5.5400000e+03   3.2392296e-02   2.3918774e-02   2.1358600e-02   1.8369440e-02   1.6195461e-02
   5.5500000e+03   2.1144908e-02   2.8933672e-02   2.2569853e-02   1.8144210e-02   1.4571591e-02
   5.5600000e+03   2.9226455e-02   2.5807136e-02   2.1964668e-02   1.8674299e-02   1.5714085e-02
   5.5700000e+03   3.5848289e-02   2.8729901e-02   2.2339042e-02   1.7216612e-02   1.6094183e-02
   5.5800000e+03   2.6854036e-02   2.8423198e-02   2.0239631e-02   2.0266315e-02   1.3768596e-02
   5.5900000e+03   3.3431418e-02   2.2757465e-02   2.3269396e-02   1.8636163e-02   1.2692354e-02
   5.6000000e+03   2.7762221e-02   2.8390811e-02   1.9030445e-02   1.7339476e-02   1.5262809e-02
   5.6100000e+03   2.6645225e-02   2.4420608e-02   1.9105516e-02   1.6802508e-02   1.5032635e-02
   5.6200000e+03   2.2688777e-02   2.8437155e-02   2.4152211e-02   1.9009250e-02   1.6218102e-02
   5.6300000e+03   3.3048902e-02   2.6070115e-02   2.3714702e-02   1.7817809e-02   1.4573769e-02
   5.6400000e+03   3.1182685e-02   2.5465655e-02   2.1225467e-02   2.0936699e-02   1.3520860e-02
   5.6500000e+03   3.1860025e-02   2.8354428e-02   1.8042001e-02   1.8294275e-02   1.2705153e-02
   5.6600000e+03   2.6816327e-02   2.5924640e-02   2.2483323e-02   2.0871524e-02   1.6207161e-02
   5.6700000e+03   2.7297030e-02   2.7410467e-02   2.3396705e-02   1.9166869e-02   1.5082603e-02
   5.6800000e+03   3.3479890e-02   2.6247239e-02   1.8838486e-02   1.6284711e-02   1.7351331e-02
   5.6900000e+03   4.1326136e-02   2.6396260e-02   1.8402459e-02   1.8070233e-02   1.3993936e-02
   5.7000000e+03   3.2196294e-02   2.8684408e-02   1.4579376e-02   1.5608225e-02   1.5001937e-02
   5.7100000e+03   3.0533869e-02   2.7221142e-02   2.2343738e-02   2.0537901e-02   1.2159062e-02
   5.7200000e+03   2.5080294e-02   2.6984722e-02   2.4548380e-02   1.6323752e-02   1.5560113e-02
   5.7300000e+03   3.3643634e-02   2.5342183e-02   2.2283168e-02   2.0407875e-02   1.4256410e-02
   5.7400000e+03   3.6279811e-02   2.3502672e-02   2.2514692e-02   1.6575608e-02   1.5201870e-02
   5.7500000e+03   3.2621035e-02   2.8525118e-02   1.8915490e-02   1.8458480e-02   1.6253978e-02
   5.7600000e+03   2.9692942e-02   2.6135910e-02   1.9954520e-02   2.0708766e-02   1.5732594e-02
   5.7700000e+03   2.9347021e-02   2.5374976e-02   2.5973720e-02   1.8784133e-02   1.5483413e-02
   5.7800000e+03   2.4903464e-02   3.1530422e-02   2.2817474e-02   2.0346581e-02   1.3095069e-02
   5.7900000e+03   2.9360004e-02   2.3751748e-02   1.9115511e-02   1.8888626e-02   1.4484048e-02
   5.8000000e+03   3.1358851e-02   2.5446876e-02   1.8815711e-02   2.0708691e-02   1.6166147e-02
   5.8100000e+03   3.0918188e-02   2.7015244e-02   1.9675015e-02   1.8946364e-02   1.5736480e-02
   5.8200000e+03   3.5803690e-02   3.0801393e-02   2.4900192e-02   1.8227222e-02   1.5285353e-02
   5.8300000e+03   3.2555704e-02   2.3526458e-02   2.3093027e-02   1.7509379e-02   1.4259090e-02
   5.8400000e+03   2.6197034e-02   2.7657731e-02   2.1574672e-02   1.8896558e-02   1.5357878e-02
   5.8500000e+03   2.3637200e-02   3.0348519e-02   1.9078367e-02   1.8680368e-02   1.5041791e-02
   5.8600000e+03   2.7654172e-02   2.4437843e-02   1.7450927e-02   2.1211962e-02   1.5405776e-02
   5.8700000e+03   3.1436460e-02   2.5457204e-02   1.9152077e-02   1.7448218e-02   1.4139754e-02
   5.8800000e+03   2.2035729e-02   2.9060021e-02   2.4339019e-02   1.8509233e-02   1.6816684e-02
   5.8900000e+03   3.7364061e-02   3.0331578e-02   2.4167960e-02   1.6619258e-02   1.4124417e-02
   5.9000000e+03   2.2349564e-02   2.8574540e-02   2.3929601e-02   2.2340140e-02   1.3338863e-02
   5.9100000e+03   3.0672828e-02   2.8164649e-02   2.0390760e-02   2.2922306e-02   1.4358917e-02
   5.9200000e+03   2.0770011e-02   2.7823654e-02   2.0438812e-02   1.7707731e-02   1.4225547e-02
   5.9300000e+03   2.4110474e-02   2.5984378e-02   1.9461590e-02   2.0302456e-02   1.5310871e-02
   5.9400000e+03   3.3883174e-02   2.7781725e-02   2.0382670e-02   1.7574662e-02   1.6943881e-02
   5.9500000e+03   3.4120429e-02   2.5780903e-02   2.4474709e-02   1.9810466e-02   1.5928229e-02
   5.9600000e+03   2.9668246e-02   2.3272010e-02   2.0134537e-02   1.7393609e-02   1.4322813e-02
   5.9700000e+03   2.9505812e-02   2.6372636e-02   2.3067698e-02   1.6673208e-02   1.3097853e-02
   5.9800000e+03   2.9014279e-02   3.7642475e-02   1.9871321e-02   1.7153544e-02   1.4755932e-02
   5.9900000e+03   2.6925803e-02   2.8295126e-02   1.7052187e-02   1.9663575e-02   1.5861989e-02
   6.0000000e+03   5.4146905e-02   2.6419323e-02   2.1567579e-02   2.0034570e-02   1.4433993e-02
   6.0100000e+03   3.2196397e-02   2.9870621e-02   2.9014573e-02   2.0022586e-02   1.4601036e-02
   6.0200000e+03   3.5186382e-02   3.0851559e-02   2.1978608e-02   1.6527027e-02   1.2505299e-02
   6.0300000e+03   2.5165531e-02   2.3963991e-02   2.0572534e-02   1.5904088e-02   1.5193071e-02
   6.0400000e+03   2.8915030e-02   2.5493802e-02   1.9089414e-02   1.8892377e-02   1.2986714e-02
   6.0500000e+03   3.0405116e-02   2.2257906e-02   2.2899847e-02   1.8777644e-02   1.4482721e-02
   6.0600000e+03   2.4116021e-02   3.1164943e-02   2.1548470e-02   1.9487660e-02   1.3806409e-02
   6.0700000e+03   3.9059424e-02   2.8219578e-02   1.8198651e-02   1.5071640e-02   1.6354235e-02
   6.0800000e+03   3.1764024e-02   2.9089706e-02   2.3859244e-02   1.8377728e-02   1.4722766e-02
   6.0900000e+03   3.3228180e-02   2.3954502e-02   1.9147788e-02   1.7767138e-02   1.5407782e-02
   6.1000000e+03   2.2258471e-02   2.3647314e-02   2.4464004e-02   1.8579093e-02   1.3817298e-02
   6.1100000e+03   3.6965236e-02   2.9097023e-02   2.0527985e-02   1.8795571e-02   1.5168489e-02
   6.1200000e+03   4.9811259e-02   2.6401062e-02   2.0752626e-02   1.9278638e-02   1.4950455e-02
   6.1300000e+03   3.5014143e-02   2.4843550e-02   1.8924363e-02   1.9674950e-02   1.4077618e-02
   6.1400000e+03   1.7015786e-02   2.7454048e-02   2.0134398e-02   1.5534234e-02   1.4507184e-02
   6.1500000e+03   3.3882875e-02   2.3662413e-02   2.2063562e-02   1.6873863e-02   1.6733557e-02
   6.1600000e+03   2.2459642e-02   2.5614003e-02   2.1050193e-02   1.9134597e-02   1.5937074e-02
   6.1700000e+03   3.0736888e-02   2.9558197e-02   2.0966220e-02   1.7053302e-02   1.6456986e-02
   6.1800000e+03   2.5490733e-02   3.3762638e-02   2.1523912e-02   1.7695718e-02   1.5066288e-02
   6.1900000e+03   3.6319165e-02   2.5144929e-02   1.8716963e-02   2.1582121e-02   1.3965176e-02
   6.2000000e+03   2.7237564e-02   2.4494846e-02   2.2257741e-02   1.7343520e-02   1.4275717e-02
   6.2100000e+03   1.7531892e-02   2.7431604e-02   2.6903543e-02   1.8002139e-02   1.3972176e-02
   6.2200000e+03   2.0102648e-02   3.2024635e-02   2.2878485e-02   1.8998683e-02   1.3005314e-02
   6.2300000e+03   2.8731973e-02   2.7094617e-02   2.0141662e-02   1.7437233e-02   1.6694053e-02
   6.2400000e+03   3.7649652e-02   2.5544885e-02   1.8024106e-02   2.3061054e-02   1.5424845e-02
   6.2500000e+03   2.6675245e-02   2.6291773e-02   2.2347325e-02   2.1915804e-02   1.5933884e-02
   6.2600000e+03   2.1733702e-02   2.3238831e-02   1.8250621e-02   1.7166498e-02   1.8446925e-02
   6.2700000e+03   2.2402026e-02   2.3074691e-02   2.0991370e-02   1.8388872e-02   1.1999262e-02
   6.2800000e+03   3.3520291e-02   3.0010786e-02   2.4226773e-02   2.0604193e-02   1.4982229e-02
   6.2900000e+03   2.8473095e-02   2.8375189e-02   1.9036649e-02   1.9444695e-02   1.5227200e-02
   6.3000000e+03   3.2475651e-02   2.8351087e-02   2.4293528e-02   1.7947896e-02   1.7827446e-02
   6.3100000e+03   3.0935456e-02   2.5102661e-02   2.0193039e-02   1.5505204e-02   1.5315132e-02
   6.3200000e+03   2.7339333e-02   2.5196836e-02   2.2037003e-02   1.6066508e-02   1.4949768e-02
   6.3300000e+03   2.7662464e-02   2.7963182e-02   2.1892008e-02   1.8749298e-02   1.4175702e-02
   6.3400000e+03   2.7305412e-02   3.3411030e-02   2.1041176e-02   2.3228928e-02   1.5560303e-02
   6.3500000e+03   3.3659798e-02   2.7944435e-02   2.1898209e-02   1.8394854e-02   1.4770151e-02
   6.3600000e+03   2.4228745e-02   2.5670590e-02   2.0129658e-02   1.7506543e-02   1.5290412e-02
   6.3700000e+03   2.4266210e-02   2.2540654e-02   2.2898700e-02   1.7275000e-02   1.5680894e-02
   6.3800000e+03   2.1458640e-02   2.3149929e-02   2.0322570e-02   1.9535964e-02   1.4738154e-02
   6.3900000e+03   3.8016753e-02   2.6288561e-02   2.1927892e-02   2.0826496e-02   1.5113013e-02
   6.4000000e+03   3.5896917e-02   3.5878991e-02   2.2644677e-02   1.6921353e-02   1.3744653e-02
   6.4100000e+03   2.2834036e-02   2.8943426e-02   1.8595626e-02   1.5988667e-02   1.6812292e-02
   6.4200000e+03   4.2626722e-02   2.7502923e-02   2.0322874e-02   1.7059859e-02   1.4312049e-02
   6.4300000e+03   2.7953576e-02   2.1227267e-02   2.3797364e-02   1.9463771e-02   1.7943898e-02
   6.4400000e+03   2.3453738e-02   2.6600563e-02   2.0307109e-02   2.0678527e-02   1.3320051e-02
   6.4500000e+03   3.3037367e-02   3.7154268e-02   2.4544501e-02   1.7708528e-02   1.4024221e-02
   6.4600000e+03   3.8049460e-02   2.8280307e-02   2.2865320e-02   1.9538322e-02   1.7176767e-02
   6.4700000e+03   2.6211761e-02   2.2405184e-02   2.4043079e-02   1.8467451e-02   1.4973215e-02
   6.4800000e+03   2.6580219e-02   2.2537362e-02   2.1302553e-02   1.6092014e-02   1.3813373e-02
   6.4900000e+03   2.5677779e-02   3.0096644e-02   2.1273481e-02   1.9887879e-02   1.5305325e-02
   6.5000000e+03   2.6885209e-02   2.8718441e-02   2.0460946e-02   1.9826931e-02   1.4105659e-02
   6.5100000e+03   3.8983810e-02   3.8610830e-02   2.3221280e-02   1.7993725e-02   1.6400341e-02
   6.5200000e+03   2.6994784e-02   2.7331648e-02   1.8832379e-02   2.0765141e-02   1.5630492e-02
   6.5300000e+03   2.3800867e-02   2.3997718e-02   2.1588547e-02   1.8482303e-02   1.4441573e-02
   6.5400000e+03   1.9002888e-02   2.1809830e-02   2.1875116e-02   1.7276405e-02   1.4982930e-02
   6.5500000e+03   2.8739756e-02   2.1261322e-02   2.3160875e-02   1.9301564e-02   1.4884982e-02
   6.5600000e+03   2.6188252e-02   2.6867667e-02   2.0952310e-02   1.6745148e-02   1.5021873e-02
   6.5700000e+03   4.8653317e-02   2.8995414e-02   2.1824371e-02   2.1035177e-02   1.4561017e-02
   6.5800000e+03   2.2460870e-02   2.9403820e-02   2.0820396e-02   2.0885378e-02   1.6576229e-02
   6.5900000e+03   2.4217250e-02   2.4088019e-02   2.0843428e-02   1.9705304e-02   1.4362069e-02
   6.6000000e+03   2.9140525e-02   2.3823666e-02   2.4039894e-02   1.7806217e-02   1.5055064e-02
   6.6100000e+03   4.0757397e-02   2.9907262e-02   2.4725441e-02   1.6780484e-02   1.5910533e-02
   6.6200000e+03   2.4769694e-02   2.3726185e-02   2.2204324e-02   2.3641254e-02   1.4100922e-02
   6.6300000e+03   3.9879939e-02   2.7349583e-02   2.1630176e-02   1.9526954e-02   1.6214680e-02
   6.6400000e+03   2.4471651e-02   2.9849377e-02   1.9565360e-02   1.5931050e-02   1.4430039e-02
   6.6500000e+03   2.2717177e-02   2.7069309e-02   2.2839952e-02   1.8006895e-02   1.4610608e-02
   6.6600000e+03   3.7280771e-02   2.3810811e-02   2.5348130e-02   1.9691142e-02   1.4882686e-02
   6.6700000e+03   2.9335774e-02   2.4347172e-02   1.9929052e-02   2.0912824e-02   1.4755030e-02
   6.6800000e+03   3.7299001e-02   2.8705419e-02   2.3728437e-02   1.9204865e-02   1.4045364e-02
   6.6900000e+03   1.9665400e-02   2.9303822e-02   2.0015040e-02   1.5340465e-02   1.4782155e-02
   6.7000000e+03   2.7562045e-02   2.3592760e-02   1.8780575e-02   1.9655045e-02   1.4614820e-02
   6.7100000e+03   2.3254035e-02   2.9947635e-02   2.3398639e-02   1.9457797e-02   1.4056986e-02
   6.7200000e+03   3.7509098e-02   2.8652555e-02   1.7679729e-02   2.2830459e-02   1.5438126e-02
   6.7300000e+03   3.1406439e-02   3.1850811e-02   2.1471006e-02   1.7351491e-02   1.5917291e-02
   6.7400000e+03   2.5207106e-02   2.2602379e-02   1.7743249e-02   1.9525205e-02   1.4438143e-02
   6.7500000e+03   4.4697960e-02   2.7514953e-02   1.6990542e-02   1.3992240e-02   1.4761286e-02
   6.7600000e+03   3.0506130e-02   2.5176847e-02   2.3257946e-02   1.7755212e-02   1.5920964e-02
   6.7700000e+03   2.5734745e-02   2.4972131e-02   1.9130785e-02   1.8651945e-02   1.5135122e-02
   6.7800000e+03   3.4440029e-02   3.0799838e-02   2.2737898e-02   1.8142839e-02   1.6549711e-02
   6.7900000e+03   2.3132160e-02   2.5459682e-02   1.9246675e-02   1.9402112e-02   1.9122285e-02
   6.8000000e+03   2.9783872e-02   2.7243201e-02   1.6640647e-02   1.7425136e-02   1.2772500e-02
   6.8100000e+03   2.9544242e-02   2.7021893e-02   2.7002041e-02   1.9307661e-02   1.4168167e-02
   6.8200000e+03   2.0403065e-02   2.2889066e-02   2.3793355e-02   1.9572520e-02   1.4631027e-02
   6.8300000e+03   2.6756724e-02   2.8040541e-02   2.0515029e-02   1.8925478e-02   1.6626072e-02
   6.8400000e+03   4.3926109e-02   3.1298287e-02   2.5306229e-02   1.5427788e-02   1.4377276e-02
   6.8500000e+03   3.5582048e-02   3.2935251e-02   1.6227215e-02   1.9483849e-02   1.6183929e-02
   6.8600000e+03   2.3678834e-02   2.9741361e-02   2.1304821e-02   1.7398333e-02   1.5987427e-02
   6.8700000e+03   2.6364812e-02   2.1194154e-02   2.2357560e-02   1.9224373e-02   1.2822616e-02
   6.8800000e+03   2.6867695e-02   2.2349457e-02   2.7518585e-02   1.6663516e-02   1.4241918e-02
   6.8900000e+03   2.4188245e-02   2.7049407e-02   2.2202878e-02   2.2141419e-02   1.7061874e-02
   6.9000000e+03   3.1080664e-02   2.5862249e-02   1.4894496e-02   1.9849542e-02   1.3608391e-02
   6.9100000e+03   2.4388340e-02   3.0422513e-02   2.0412264e-02   1.8418418e-02   1.6661854e-02
   6.9200000e+03   4.2207705e-02   2.8970332e-02   2.0256582e-02   1.9572929e-02   1.5142234e-02
   6.9300000e+03   3.4025247e-02   2.5196155e-02   2.4047690e-02   1.5844254e-02   1.4533599e-02
   6.9400000e+03   3.9388514e-02   2.7266767e-02   2.2119976e-02   1.8266806e-02   1.6157255e-02
   6.9500000e+03   2.2212899e-02   2.3612710e-02   1.8072835e-02   2.2658776e-02   1.6883207e-02
   6.9600000e+03   4.2647082e-02   3.3304502e-02   1.6920249e-02   1.7089372e-02   1.4599111e-02
   6.9700000e+03   2.6948203e-02   2.8650234e-02   2.2898833e-02   1.9000049e-02   1.3747790e-02
   6.9800000e+03   2.3020520e-02   2.7186793e-02   2.2706863e-02   1.7255831e-02   1.4665022e-02
   6.9900000e+03   3.8458587e-02   2.7256790e-02   2.9091250e-02   1.6921677e-02   1.7453567e-02
   7.0000000e+03   2.8857956e-02   2.9197369e-02   2.0769837e-02   2.1096951e-02   1.7253199e-02
   7.0100000e+03   3.6648923e-02   2.7375674e-02   2.3636146e-02   2.0473986e-02   1.4310888e-02
   7.0200000e+03   3.1091402e-02   2.8895273e-02   2.0709935e-02   1.7896669e-02   1.4509231e-02
   7.0300000e+03   3.1999143e-02   2.5348831e-02   1.9709399e-02   1.6639619e-02   1.5492201e-02
   7.0400000e+03   2.6882968e-02   2.9710796e-02   2.1655113e-02   1.7914294e-02   1.6323972e-02
   7.0500000e+03   2.3005260e-02   3.5404828e-02   2.4933288e-02   1.8683562e-02   1.6564703e-02
   7.0600000e+03   3.2794470e-02   2.6675170e-02   2.4098378e-02   2.0834256e-02   1.6872000e-02
   7.0700000e+03   4.1022758e-02   2.5946666e-02   1.9103793e-02   1.7602097e-02   1.5763765e-02
   7.0800000e+03   3.7281111e-02   2.4704774e-02   2.4057070e-02   1.7604089e-02   1.4946268e-02
   7.0900000e+03   3.5391700e-02   2.2841610e-02   2.2380234e-02   1.6531845e-02   1.3644219e-02
   7.1000000e+03   2.7560176e-02   2.5454232e-02   2.0286544e-02   2.0860616e-02   1.4892761e-02
   7.1100000e+03   2.4222213e-02   3.2113796e-02   1.9337671e-02   1.9935707e-02   1.5868559e-02
   7.1200000e+03   3.3922821e-02   2.9308732e-02   2.3103887e-02   2.0931761e-02   1.2052009e-02
   7.1300000e+03   4.3258999e-02   2.8030742e-02   1.9954662e-02   1.5645436e-02   1.5444762e-02
   7.1400000e+03   2.9943823e-02   2.7710254e-02   2.3791369e-02   1.5498006e-02   1.3176169e-02
   7.1500000e+03   2.9024816e-02   2.0617779e-02   1.8879585e-02   1.8716615e-02   1.6491254e-02
   7.1600000e+03   2.0642390e-02   2.2879457e-02   2.0918068e-02   1.9833401e-02   1.4842579e-02
   7.1700000e+03   2.4968735e-02   2.9350840e-02   2.1589237e-02   1.9473275e-02   1.3700183e-02
   7.1800000e+03   2.8964668e-02   2.8746360e-02   1.9355384e-02   1.7138757e-02   1.3134115e-02
   7.1900000e+03   2.5604239e-02   2.9888934e-02   2.2775154e-02   1.6560996e-02   1.6940365e-02
   7.2000000e+03   3.6061388e-02   3.0010624e-02   2.5301049e-02   1.7366989e-02   1.6359550e-02
   7.2100000e+03   2.9754395e-02   2.2954110e-02   2.3525450e-02   1.9378763e-02   1.4127266e-02
   7.2200000e+03   2.4912335e-02   2.4319060e-02   1.6178705e-02   1.8164744e-02   1.5673922e-02
   7.2300000e+03   3.1221346e-02   2.7914894e-02   2.0201468e-02   2.2283383e-02   1.5050575e-02
   7.2400000e+03   2.8130250e-02   2.8229445e-02   1.9490350e-02   1.6627390e-02   1.5794135e-02
   7.2500000e+03   2.9274572e-02   2.2502705e-02   1.9263136e-02   1.9359545e-02   1.4451559e-02
   7.2600000e+03   2.5845998e-02   2.7409761e-02   2.4647242e-02   1.8039147e-02   1.3541229e-02
   7.2700000e+03   2.8105630e-02   2.6581824e-02   2.1133921e-02   2.1554236e-02   1.4448844e-02
   7.2800000e+03   2.5571701e-02   2.0034807e-02   1.8230097e-02   2.2264155e-02   1.6139810e-02
   7.2900000e+03   3.6128061e-02   2.7782028e-02   2.2182701e-02   1.5677668e-02   1.6747245e-02
   7.3000000e+03   3.1019935e-02   2.9718595e-02   1.8685392e-02   1.9271845e-02   1.3570035e-02
   7.3100000e+03   3.2857281e-02   3.3100513e-02   1.9710138e-02   1.7207817e-02   1.7085646e-02
   7.3200000e+03   3.2717721e-02   2.6017349e-02   2.2203510e-02   1.7953634e-02   1.6414868e-02
   7.3300000e+03   2.5892980e-02   2.7709015e-02   2.3029726e-02   2.1576940e-02   1.4146516e-02
   7.3400000e+03   2.8791605e-02   2.6248481e-02   2.2016377e-02   1.7085132e-02   1.4058506e-02
   7.3500000e+03   3.2336885e-02   2.6852411e-02   2.0517727e-02   1.8563226e-02   1.3751330e-02
   7.3600000e+03   2.7200656e-02   2.9851141e-02   2.5970182e-02   1.6330137e-02   1.4935376e-02
   7.3700000e+03   3.0953629e-02   2.4072203e-02   2.1475062e-02   1.9020170e-02   1.4788009e-02
   7.3800000e+03   2.7035422e-02   2.6287489e-02   1.9102615e-02   2.3768657e-02   1.7491724e-02
   7.3900000e+03   2.7979240e-02   3.2008802e-02   1.8165577e-02   2.0569165e-02   1.4733946e-02
   7.4000000e+03   3.7224613e-02   2.9715197e-02   2.0195465e-02   1.7350992e-02   1.2303739e-02
   7.4100000e+03   4.1382770e-02   2.5837244e-02   2.3105904e-02   1.7495684e-02   1.4141633e-02
   7.4200000e+03   3.7115568e-02   2.4657442e-02   2.0157852e-02   1.6941916e-02   1.7432465e-02
   7.4300000e+03   2.3355658e-02   2.3821907e-02   2.0695366e-02   2.0036791e-02   1.6687412e-02
   7.4400000e+03   2.8057184e-02   2.9698719e-02   2.2268312e-02   1.8564116e-02   1.5410069e-02
   7.4500000e+03   2.5222434e-02   2.7691773e-02   2.4473504e-02   2.0122889e-02   1.4778195e-02
   7.4600000e+03   1.7551522e-02   2.9170660e-02   2.1654520e-02   1.8081684e-02   1.2934481e-02
   7.4700000e+03   2.9053566e-02   2.7020607e-02   2.2812439e-02   1.3912920e-02   1.3499019e-02
   7.4800000e+03   3.1555406e-02   2.4280467e-02   1.8839558e-02   1.8620768e-02   1.5129350e-02
   7.4900000e+03   3.2238378e-02   2.3582426e-02   2.1130428e-02   1.8839749e-02   1.5197443e-02
   7.5000000e+03   2.7071649e-02   2.5218981e-02   2.0802241e-02   2.0108987e-02   1.4635584e-02
   7.5100000e+03   2.3923129e-02   2.6017807e-02   1.8462494e-02   1.9763040e-02   1.5034839e-02
   7.5200000e+03   3.0106095e-02   3.0835654e-02   2.0223420e-02   1.6042125e-02   1.5863663e-02
   7.5300000e+03   4.3293603e-02   2.6195566e-02   1.9616355e-02   1.9415222e-02   1.5167031e-02
   7.5400000e+03   2.4021305e-02   2.4279371e-02   2.4811484e-02   1.9756550e-02   1.5218908e-02
   7.5500000e+03   2.2586222e-02   2.3824681e-02   2.4550071e-02   1.8766862e-02   1.5382732e-02
   7.5600000e+03   2.7886217e-02   2.7400547e-02   2.0589699e-02   1.9474501e-02   1.4680054e-02
   7.5700000e+03   2.2213955e-02   3.2586063e-02   1.8812464e-02   1.9233834e-02   1.4714920e-02
   7.5800000e+03   5.3373292e-02   2.8736153e-02   1.8451976e-02   1.6913077e-02   1.5570956e-02
   7.5900000e+03   2.9504382e-02   2.4822242e-02   2.4058725e-02   2.0138688e-02   1.4023427e-02
   7.6000000e+03   3.0048748e-02   2.2561883e-02   2.0265686e-02   2.2147454e-02   1.6907044e-02
   7.6100000e+03   2.3607659e-02   2.8134021e-02   1.8079982e-02   1.9634429e-02   1.4954185e-02
   7.6200000e+03   3.5730628e-02   2.7532546e-02   1.9481914e-02   1.5398698e-02   1.5646792e-02
   7.6300000e+03   2.6508721e-02   2.4828637e-02   2.4204815e-02   1.7193197e-02   1.5810515e-02
   7.6400000e+03   4.4815533e-02   2.4510011e-02   2.2188580e-02   1.9800435e-02   1.4726171e-02
   7.6500000e+03   2.3643836e-02   2.4334234e-02   2.3202600e-02   1.9695390e-02   1.4834438e-02
   7.6600000e+03   2.4124942e-02   3.0197254e-02   2.1150705e-02   2.1785394e-02   1.3801814e-02
   7.6700000e+03   3.7433188e-02   2.5270234e-02   2.4578318e-02   1.7070096e-02   1.4379636e-02
   7.6800000e+03   2.8346512e-02   2.3750146e-02   2.2014675e-02   1.7767315e-02   1.4784112e-02
   7.6900000e+03   2.9858470e-02   2.4926758e-02   1.9499602e-02   1.7184639e-02   1.6400459e-02
   7.7000000e+03   4.3384121e-02   2.2587888e-02   2.0108879e-02   1.6219745e-02   1.6360032e-02
   7.7100000e+03   2.8995865e-02   2.6202435e-02   1.9761842e-02   2.0425679e-02   1.4306717e-02
   7.7200000e+03   2.1541161e-02   2.9251959e-02   2.0328043e-02   1.8892946e-02   1.3913618e-02
   7.7300000e+03   3.9150035e-02   2.7635606e-02   2.0205514e-02   1.9033924e-02   1.3577814e-02
   7.7400000e+03   3.3424826e-02   2.5220991e-02   1.8066928e-02   1.7966818e-02   1.3824937e-02
   7.7500000e+03   2.3234123e-02   2.6621675e-02   1.9909205e-02   1.7550243e-02   1.6857851e-02
   7.7600000e+03   2.9845434e-02   2.5693139e-02   1.8861047e-02   1.6782045e-02   1.4511517e-02
   7.7700000e+03   3.9335028e-02   2.8114844e-02   2.1515694e-02   1.8230469e-02   1.6251290e-02
   7.7800000e+03   3.5993717e-02   3.0747926e-02   2.6155331e-02   1.7089341e-02   1.7698566e-02
   7.7900000e+03   2.8968237e-02   2.7507328e-02   1.8402956e-02   1.6037504e-02   1.3353252e-02
   7.8000000e+03   1.7971720e-02   3.2077535e-02   1.8432531e-02   1.6335618e-02   1.5695915e-02
   7.8100000e+03   3.4818618e-02   2.6665949e-02   1.9661352e-02   2.1425515e-02   1.5083617e-02
   7.8200000e+03   3.5807730e-02   2.5293830e-02   2.2012190e-02   2.0420007e-02   1.3939310e-02
   7.8300000e+03   3.0707096e-02   2.3780960e-02   1.8119114e-02   2.1929599e-02   1.4677626e-02
   7.8400000e+03   1.6483960e-02   3.1190885e-02   1.6756740e-02   1.7143158e-02   1.6617987e-02
   7.8500000e+03   2.7960191e-02   2.8483618e-02   2.0005588e-02   1.7894136e-02   1.4453921e-02
   7.8600000e+03   2.4924814e-02   2.5793365e-02   2.0444626e-02   1.6333848e-02   1.4829010e-02
   7.8700000e+03   2.6809063e-02   2.9020944e-02   1.9633635e-02   1.8812191e-02   1.5282771e-02
   7.8800000e+03   4.9427392e-02   3.1899548e-02   2.2070621e-02   2.0315492e-02   1.3267120e-02
   7.8900000e+03   2.7532963e-02   2.8179467e-02   2.2318627e-02   1.9991589e-02   1.3462950e-02
   7.9000000e+03   2.4895736e-02   3.0455649e-02   2.1477696e-02   1.6021792e-02   1.5223731e-02
   7.9100000e+03   3.1408383e-02   2.8468230e-02   1.9077746e-02   1.7913893e-02   1.7080023e-02
   7.9200000e+03   3.5563150e-02   2.6433575e-02   2.3452775e-02   2.1272649e-02   1.3741046e-02
   7.9300000e+03   2.6000786e-02   2.6749265e-02   2.0679319e-02   1.8622928e-02   1.5134782e-02
   7.9400000e+03   3.6365946e-02   2.5206587e-02   1.9688020e-02   1.7194558e-02   1.5571871e-02
   7.9500000e+03   2.4974597e-02   3.2404617e-02   2.2281979e-02   1.7409721e-02   1.5823113e-02
   7.9600000e+03   2.4852268e-02   3.1010101e-02   2.8592252e-02   1.8398807e-02   1.4039945e-02
   7.9700000e+03   3.1580786e-02   2.9379859e-02   1.9922847e-02   1.8357169e-02   1.7190995e-02
   7.9800000e+03   2.7134858e-02   2.3052640e-02   2.2814080e-02   2.2463056e-02   1.4491880e-02
   7.9900000e+03   3.8373076e-02   3.1204459e-02   2.3027695e-02   2.2784093e-02   1.4867013e-02
   8.0000000e+03   3.9637343e-02   2.6887431e-02   2.3700496e-02   1.8521489e-02   1.5185915e-02
   8.0100000e+03   2.3463173e-02   2.9348098e-02   2.1069895e-02   1.6010536e-02   1.3085724e-02
   8.0200000e+03   2.2088609e-02   2.8969267e-02   2.0487104e-02   2.0694385e-02   1.5527908e-02
   8.0300000e+03   2.2230730e-02   2.4713906e-02   2.1575148e-02   2.0708072e-02   1.7393273e-02
   8.0400000e+03   3.4572802e-02   3.0335891e-02   2.3795337e-02   1.9697943e-02   1.4907123e-02
   8.0500000e+03   3.4764156e-02   2.8342498e-02   2.3904194e-02   1.5686250e-02   1.2859460e-02
   8.0600000e+03   2.6494944e-02   2.5885714e-02   1.9016028e-02   2.0462536e-02   1.3341253e-02
   8.0700000e+03   2.5001438e-02   2.6370482e-02   2.0034762e-02   1.7117994e-02   1.6260708e-02
   8.0800000e+03   2.4428811e-02   2.9804229e-02   1.7449446e-02   1.9186117e-02   1.5269186e-02
   8.0900000e+03   3.1861454e-02   2.6451293e-02   1.9529049e-02   2.2088568e-02   1.5088325e-02
   8.1000000e+03   4.6012518e-02   2.4678990e-02   2.6737161e-02   1.9613777e-02   1.6906985e-02
   8.1100000e+03   3.2406385e-02   2.3510288e-02   2.2017194e-02   1.6929912e-02   1.5505035e-02
   8.1200000e+03   2.4856514e-02   3.2332087e-02   2.1978779e-02   1.7628656e-02   1.2639434e-02
   8.1300000e+03   1.9010020e-02   2.7866944e-02   2.0130367e-02   1.8404377e-02   1.5030381e-02
   8.1400000e+03   2.4169542e-02   2.8949991e-02   2.2241002e-02   1.9066457e-02   1.4907257e-02
   8.1500000e+03   3.3258564e-02   3.1412628e-02   2.4505874e-02   2.1242635e-02   1.4444333e-02
   8.1600000e+03   3.6897547e-02   2.4923102e-02   2.1651747e-02   1.7107579e-02   1.3275790e-02
   8.1700000e+03   3.7645896e-02   2.5828575e-02   2.3905997e-02   2.0107791e-02   1.6239668e-02
   8.1800000e+03   2.7306143e-02   2.8077743e-02   1.7959207e-02   1.6719178e-02   1.5989848e-02
   8.1900000e+03   4.9023562e-02   2.8336726e-02   1.7980592e-02   2.0795178e-02   1.5762448e-02
   8.2000000e+03   2.2167657e-02   2.5015922e-02   1.9977343e-02   1.7845715e-02   1.6037119e-02
   8.2100000e+03   3.4125327e-02   2.3351387e-02   2.1759480e-02   1.7601885e-02   1.5147184e-02
   8.2200000e+03   2.9458855e-02   2.7857870e-02   2.2018130e-02   1.7582624e-02   1.6394924e-02
   8.2300000e+03   2.4968712e-02   2.8970820e-02   2.1050217e-02   1.5789991e-02   1.2297401e-02
   8.2400000e+03   2.6427884e-02   2.6718997e-02   2.2117727e-02   2.0364460e-02   1.5598666e-02
   8.2500000e+03   2.5426058e-02   2.7028643e-02   2.0606902e-02   1.8929103e-02   1.7532351e-02
   8.2600000e+03   2.6444061e-02   2.4103223e-02   2.0685815e-02   1.9255784e-02   1.4231294e-02
   8.2700000e+03   3.5793872e-02   3.2249470e-02   2.0451387e-02   1.6771860e-02   1.4506133e-02
   8.2800000e+03   2.9677094e-02   2.1266064e-02   2.3855920e-02   1.8986502e-02   1.5318335e-02
   8.2900000e+03   2.2419218e-02   2.4264181e-02   1.9950161e-02   1.6354443e-02   1.6563181e-02
   8.3000000e+03   2.8089219e-02   2.6232447e-02   2.1898204e-02   1.9700893e-02   1.6080114e-02
   8.3100000e+03   2.3424552e-02   2.3915638e-02   1.9159433e-02   1.7832858e-02   1.4328817e-02
   8.3200000e+03   2.5451587e-02   2.9913174e-02   2.3141397e-02   1.8821090e-02   1.5556105e-02
   8.3300000e+03   3.3803298e-02   3.1476847e-02   2.1194596e-02   1.6759135e-02   1.5305362e-02
   8.3400000e+03   3.6455728e-02   2.1049538e-02   2.0795693e-02   1.7245109e-02   1.6121442e-02
   8.3500000e+03   2.8293894e-02   2.2364022e-02   1.8059726e-02   2.1004412e-02   1.7768243e-02
   8.3600000e+03   1.6325983e-02   2.2875500e-02   2.2977064e-02   1.7388724e-02   1.4037257e-02
   8.3700000e+03   2.7059019e-02   3.0577762e-02   2.3006862e-02   2.0746021e-02   1.3434388e-02
   8.3800000e+03   4.3954787e-02   3.1476541e-02   1.7707920e-02   1.6758491e-02   1.4929449e-02
   8.3900000e+03   3.0501305e-02   2.9727168e-02   2.1181081e-02   1.8169535e-02   1.6091400e-02
   8.4000000e+03   2.5376185e-02   2.8503993e-02   2.1124986e-02   2.1381767e-02   1.6412793e-02
   8.4100000e+03   2.9005760e-02   2.2695906e-02   2.2912798e-02   1.8993089e-02   1.3129649e-02
   8.4200000e+03   2.6320680e-02   2.9563387e-02   1.9429775e-02   1.7737437e-02   1.4138703e-02
   8.4300000e+03   3.5124510e-02   2.4865245e-02   2.2317985e-02   1.8693131e-02   1.4334409e-02
   8.4400000e+03   3.6432225e-02   2.6088992e-02   2.2906011e-02   2.0680763e-02   1.5061394e-02
   8.4500000e+03   2.8473708e-02   3.1483851e-02   2.3908571e-02   1.4836040e-02   1.4994838e-02
   8.4600000e+03   2.5501907e-02   2.3671607e-02   2.0345891e-02   1.9391843e-02   1.7416728e-02
   8.4700000e+03   3.3382175e-02   2.5683699e-02   1.7744576e-02   2.2126550e-02   1.3922809e-02
   8.4800000e+03   2.8832845e-02   2.5773694e-02   2.1566743e-02   1.9215507e-02   1.2291156e-02
   8.4900000e+03   2.4378597e-02   2.3694420e-02   2.1805938e-02   1.6569447e-02   1.5367535e-02
   8.5000000e+03   3.4440926e-02   2.8812092e-02   1.9443383e-02   1.6151968e-02   1.8255255e-02
   8.5100000e+03   3.7684423e-02   2.8158128e-02   2.2727959e-02   1.6924618e-02   1.6735262e-02
   8.5200000e+03   3.1535437e-02   2.3872673e-02   2.4836044e-02   2.0766005e-02   1.5957939e-02
   8.5300000e+03   2.4757673e-02   2.5364395e-02   2.1462050e-02   2.1908641e-02   1.5048289e-02
   8.5400000e+03   3.0623955e-02   2.7732618e-02   2.4547640e-02   1.3544983e-02   1.4975214e-02
   8.5500000e+03   2.4384157e-02   2.9392975e-02   2.5079224e-02   1.9916886e-02   1.7046908e-02
   8.5600000e+03   4.2991076e-02   2.8846641e-02   2.2091394e-02   1.6769147e-02   1.5253971e-02
   8.5700000e+03   3.7798440e-02   2.4758466e-02   2.1929594e-02   1.5092955e-02   1.4764613e-02
   8.5800000e+03   2.3788517e-02   2.7445684e-02   1.9362385e-02   1.8018905e-02   1.2075632e-02
   8.5900000e+03   2.0310984e-02   2.7958221e-02   1.8958211e-02   1.8927431e-02   1.4362702e-02
   8.6000000e+03   4.5871415e-02   3.1459190e-02   2.3783214e-02   1.8277906e-02   1.7578526e-02
   8.6100000e+03   2.6898083e-02   3.0502320e-02   2.6245829e-02   2.0114938e-02   1.5758949e-02
   8.6200000e+03   3.6589228e-02   2.4989922e-02   1.9084731e-02   1.9329625e-02   1.6482799e-02
   8.6300000e+03   3.2438601e-02   2.4435880e-02   2.1928708e-02   1.7533435e-02   1.2942018e-02
   8.6400000e+03   2.5986787e-02   1.9743895e-02   1.7030128e-02   1.9175793e-02   1.4245946e-02
   8.6500000e+03   5.8562346e-02   2.8134222e-02   1.9470319e-02   1.7181025e-02   1.6291967e-02
   8.6600000e+03   2.9786246e-02   2.7648967e-02   2.4214428e-02   1.6871208e-02   1.4305050e-02
   8.6700000e+03   2.7412263e-02   2.7657886e-02   2.1755787e-02   2.1975858e-02   1.5818904e-02
   8.6800000e+03   3.1759784e-02   2.2877848e-02   2.1177048e-02   1.8853061e-02   1.2085036e-02
   8.6900000e+03   2.7630876e-02   2.2632125e-02   1.9016705e-02   1.6210892e-02   1.3930806e-02
   8.7000000e+03   2.4792426e-02   3.2768232e-02   2.2610168e-02   1.8890013e-02   1.3730252e-02
   8.7100000e+03   2.8202178e-02   2.6299953e-02   2.1151643e-02   1.9671950e-02   1.5903490e-02
   8.7200000e+03   3.3978690e-02   2.4865361e-02   2.1689545e-02   1.5698994e-02   1.6236664e-02
   8.7300000e+03   3.3423361e-02   2.9225678e-02   1.8244289e-02   2.3497720e-02   1.4744831e-02
   8.7400000e+03   2.1810253e-02   2.6744831e-02   1.9542119e-02   1.7272453e-02   1.5127600e-02
   8.7500000e+03   2.7679932e-02   2.9003115e-02   2.3974247e-02   1.6157190e-02   1.5053614e-02
   8.7600000e+03   1.8901306e-02   2.4039756e-02   2.3163262e-02   1.7079507e-02   1.6223087e-02
   8.7700000e+03   2.9736001e-02   2.8849138e-02   1.9087887e-02   1.7628950e-02   1.5447726e-02
   8.7800000e+03   3.3463154e-02   2.8310083e-02   1.8294231e-02   2.1177845e-02   1.3821385e-02
   8.7900000e+03   2.6556853e-02   2.3719451e-02   2.0398688e-02   1.8727138e-02   1.4471153e-02
   8.8000000e+03   3.9295313e-02   2.2643015e-02   2.4247509e-02   1.5925111e-02   1.5628068e-02
   8.8100000e+03   2.5234074e-02   3.0738244e-02   2.4306882e-02   2.0477415e-02   1.4195319e-02
   8.8200000e+03   2.1542060e-02   3.1034229e-02   1.9329475e-02   1.7785957e-02   1.8837135e-02
   8.8300000e+03   2.8220687e-02   2.6092554e-02   1.8568246e-02   2.0960375e-02   1.4927532e-02
   8.8400000e+03   3.0920440e-02   2.4370433e-02   2.0269725e-02   2.0188349e-02   1.7026472e-02
   8.8500000e+03   2.3441681e-02   2.6778136e-02   2.4806630e-02   1.9242060e-02   1.5232117e-02
   8.8600000e+03   4.1896412e-02   2.6550302e-02   2.2994873e-02   1.7190633e-02   1.3074480e-02
   8.8700000e+03   3.2651127e-02   3.0250341e-02   2.0142970e-02   1.6440291e-02   1.5420997e-02
   8.8800000e+03   2.1603584e-02   2.7935367e-02   2.2184992e-02   2.0405967e-02   1.5041152e-02
   8.8900000e+03   3.3163149e-02   2.3644448e-02   1.9650956e-02   2.0019982e-02   1.3771679e-02
   8.9000000e+03   2.2276672e-02   2.7306564e-02   2.2582803e-02   1.8234892e-02   1.3659768e-02
   8.9100000e+03   2.4759123e-02   2.4452217e-02   2.0240122e-02   1.8914499e-02   1.5816613e-02
   8.9200000e+03   2.9833545e-02   2.6504807e-02   2.2504435e-02   1.7591589e-02   1.5064214e-02
   8.9300000e+03   2.9498780e-02   3.0360725e-02   1.9177466e-02   1.8947001e-02   1.7074931e-02
   8.9400000e+03   2.8459163e-02   2.3752620e-02   2.0407506e-02   1.8863654e-02   1.4753640e-02
   8.9500000e+03   3.4059644e-02   2.8549851e-02   1.8107147e-02   1.7731700e-02   1.5958045e-02
   8.9600000e+03   2.3594988e-02   2.5992440e-02   1.6985839e-02   2.2539153e-02   1.5418324e-02
   8.9700000e+03   2.3373010e-02   2.2845575e-02   2.0414283e-02   1.6905871e-02   1.6210946e-02
   8.9800000e+03   4.4139288e-02   2.5325762e-02   1.8037642e-02   1.8189029e-02   1.6026075e-02
   8.9900000e+03   3.5389868e-02   2.4898704e-02   2.2785280e-02   1.8117906e-02   1.6494533e-02
   9.0000000e+03   2.8688626e-02   2.8350535e-02   2.0513590e-02   2.0183150e-02   1.4498733e-02
   9.0100000e+03   2.1133600e-02   2.4114877e-02   2.1868138e-02   1.6727004e-02   1.3865489e-02
   9.0200000e+03   2.1752509e-02   2.8996591e-02   2.3817514e-02   1.8747855e-02   1.5276910e-02
   9.0300000e+03   2.5489737e-02   2.9877823e-02   2.0139390e-02   1.7202346e-02   1.4741277e-02
   9.0400000e+03   2.6372420e-02   2.6926802e-02   2.1901903e-02   1.6737773e-02   1.6230820e-02
   9.0500000e+03   2.8619393e-02   2.5920105e-02   1.8703844e-02   2.0417485e-02   1.6560829e-02
   9.0600000e+03   3.3086275e-02   2.5548560e-02   2.5456094e-02   2.3532024e-02   1.5419339e-02
   9.0700000e+03   2.6004305e-02   2.6725371e-02   2.1771971e-02   1.7895205e-02   1.3152050e-02
   9.0800000e+03   3.2444668e-02   2.2980674e-02   2.2402086e-02   1.8130130e-02   1.4428879e-02
   9.0900000e+03   2.6168010e-02   2.5468114e-02   2.0603641e-02   1.8430228e-02   1.5572415e-02
   9.1000000e+03   3.2757698e-02   3.1480273e-02   2.3955586e-02   1.5898842e-02   1.5709627e-02
   9.1100000e+03   3.2908635e-02   2.5478279e-02   2.3957365e-02   2.0141623e-02   1.6098355e-02
   9.1200000e+03   2.5524487e-02   2.7233735e-02   2.0947792e-02   1.8299533e-02   1.5936248e-02
   9.1300000e+03   2.2978629e-02   2.6945355e-02   1.9931194e-02   1.7715562e-02   1.6450021e-02
   9.1400000e+03   3.2143411e-02   3.2345340e-02   1.9746211e-02   1.7045486e-02   1.5920820e-02
   9.1500000e+03   2.2676148e-02   2.8245976e-02   2.0854585e-02   1.9228317e-02   1.3535464e-02
   9.1600000e+03   2.5631456e-02   2.6291566e-02   2.2526569e-02   2.4432612e-02   1.7669888e-02
   9.1700000e+03   3.5632785e-02   2.1554186e-02   2.1152853e-02   1.6446725e-02   1.6219165e-02
   9.1800000e+03   2.8955595e-02   2.5799001e-02   1.9621990e-02   1.7925246e-02   1.4139538e-02
   9.1900000e+03   2.8756329e-02   2.7104228e-02   2.1281339e-02   1.8146245e-02   1.6555986e-02
   9.2000000e+03   4.0099515e-02   3.0936342e-02   2.1405541e-02   2.0860528e-02   1.6107675e-02
   9.2100000e+03   2.5800718e-02   3.3801071e-02   2.6352935e-02   1.8253766e-02   1.2742128e-02
   9.2200000e+03   2.7965685e-02   2.5343889e-02   2.1500268e-02   1.6920550e-02   1.6102814e-02
   9.2300000e+03   1.9317301e-02   2.4324262e-02   2.0481365e-02   1.6738331e-02   1.5228308e-02
   9.2400000e+03   1.9453137e-02   2.1605159e-02   2.2470110e-02   1.8124543e-02   1.4177599e-02
   9.2500000e+03   4.0997655e-02   2.6792620e-02   1.7595516e-02   1.7936433e-02   1.4831775e-02
   9.2600000e+03   2.6181072e-02   2.6134067e-02   2.0860602e-02   2.1384532e-02   1.4939417e-02
   9.2700000e+03   2.1328768e-02   2.9496778e-02   2.4487590e-02   1.7322593e-02   1.7562498e-02
   9.2800000e+03   2.1991972e-02   2.5219420e-02   2.6124232e-02   1.6690663e-02   1.3709891e-02
   9.2900000e+03   3.3405793e-02   2.5305345e-02   1.9268731e-02   2.0291208e-02   1.7432848e-02
   9.3000000e+03   3.4756800e-02   3.1221645e-02   1.9085335e-02   1.3833609e-02   1.3945839e-02
   9.3100000e+03   3.0587443e-02   2.6257337e-02   2.1742290e-02   1.7367443e-02   1.8258696e-02
   9.3200000e+03   3.4457353e-02   3.3895917e-02   2.0691400e-02   1.7089770e-02   1.3302927e-02
   9.3300000e+03   3.5153534e-02   2.5510549e-02   2.4288246e-02   2.1612754e-02   1.5223300e-02
   9.3400000e+03   2.9189448e-02   2.5656927e-02   2.1872698e-02   1.8304838e-02   1.3681997e-02
   9.3500000e+03   2.9269501e-02   2.7991842e-02   2.0589945e-02   1.7412473e-02   1.5023923e-02
   9.3600000e+03   2.7507899e-02   2.9058470e-02   1.9014077e-02   1.6067290e-02   1.3778669e-02
   9.3700000e+03   2.7628258e-02   2.7360794e-02   2.4937978e-02   1.7281301e-02   1.7009646e-02
   9.3800000e+03   2.0653144e-02   2.2034157e-02   1.9549275e-02   2.1526200e-02   1.6477456e-02
   9.3900000e+03   2.5896354e-02   2.8872896e-02   2.5457464e-02   2.0477914e-02   1.4703328e-02
   9.4000000e+03   2.8215102e-02   2.9212655e-02   2.0083305e-02   1.8762343e-02   1.5458666e-02
   9.4100000e+03   4.6564857e-02   2.8746353e-02   2.1062405e-02   1.4417407e-02   1.5452449e-02
   9.4200000e+03   3.3316504e-02   2.8057271e-02   2.0732984e-02   1.8357680e-02   1.6651453e-02
   9.4300000e+03   2.9171647e-02   2.8959677e-02   2.0174466e-02   1.8621249e-02   1.6064531e-02
   9.4400000e+03   2.5815658e-02   2.8604592e-02   1.9640821e-02   2.1497864e-02   1.3192021e-02
   9.4500000e+03   2.6800953e-02   2.9955355e-02   2.2704655e-02   1.4145550e-02   1.5420461e-02
   9.4600000e+03   4.0036159e-02   2.6130403e-02   2.0217031e-02   1.9404177e-02   1.6027476e-02
   9.4700000e+03   3.5494199e-02   2.8482585e-02   1.8591297e-02   1.8033449e-02   1.3051641e-02
   9.4800000e+03   2.9784348e-02   3.0667632e-02   1.7621510e-02   1.6460299e-02   1.4036232e-02
   9.4900000e+03   2.8607978e-02   2.7261192e-02   3.1646809e-02   1.8980203e-02   1.6469958e-02
   9.5000000e+03   2.6778252e-02   2.2414736e-02   2.2068495e-02   1.7508612e-02   1.5184769e-02
   9.5100000e+03   3.5008538e-02   2.4542654e-02   1.8761858e-02   1.7838716e-02   1.6400351e-02
   9.5200000e+03   4.3331102e-02   2.3547404e-02   2.2024160e-02   1.7333751e-02   1.3871933e-02
   9.5300000e+03   3.3809454e-02   3.4884468e-02   2.2524753e-02   2.0991815e-02   1.4837041e-02
   9.5400000e+03   3.5843350e-02   2.3927803e-02   2.2167599e-02   2.0835873e-02   1.4145579e-02
   9.5500000e+03   2.6977723e-02   3.0169327e-02   2.0661595e-02   1.8362649e-02   1.6561739e-02
   9.5600000e+03   2.3184612e-02   2.8165436e-02   1.9025124e-02   1.8411800e-02   1.5102334e-02
   9.5700000e+03   4.3918285e-02   2.6341595e-02   2.0214536e-02   1.8971266e-02   1.4846154e-02
   9.5800000e+03   3.5451233e-02   2.2368209e-02   1.9400843e-02   1.9943067e-02   1.4121526e-02
   9.5900000e+03   2.8326837e-02   2.8322438e-02   2.2660724e-02   1.7975554e-02   1.5897775e-02
   9.6000000e+03   3.2819177e-02   3.1820930e-02   2.4437479e-02   1.9841244e-02   1.8512541e-02
   9.6100000e+03   2.6143243e-02   2.3745338e-02   2.1726439e-02   2.1360809e-02   1.5251504e-02
   9.6200000e+03   2.6926022e-02   2.9651460e-02   2.0071594e-02   1.7572008e-02   1.5615278e-02
   9.6300000e+03   3.6616241e-02   2.5762790e-02   1.7956248e-02   1.9932839e-02   1.4882935e-02
   9.6400000e+03   3.3128887e-02   2.6646463e-02   2.2247149e-02   1.8379009e-02   1.5423326e-02
   9.6500000e+03   3.2568032e-02   2.8575583e-02   2.3260298e-02   1.7243176e-02   1.6866292e-02
   9.6600000e+03   2.8307957e-02   2.9227274e-02   2.1620571e-02   2.2242471e-02   1.5289353e-02
   9.6700000e+03   2.5168034e-02   2.2540983e-02   2.2235304e-02   1.8473259e-02   1.3585023e-02
   9.6800000e+03   3.5332947e-02   2.4997490e-02   1.6821703e-02   1.6519440e-02   1.6090448e-02
   9.6900000e+03   3.5756345e-02   2.9235510e-02   2.0773793e-02   1.8278688e-02   1.2793056e-02
   9.7000000e+03   3.9565074e-02   2.7127577e-02   2.1659674e-02   1.8737610e-02   1.6545875e-02
   9.7100000e+03   2.3267471e-02   2.7659686e-02   2.2977745e-02   2.1459964e-02   1.7038310e-02
   9.7200000e+03   2.8232312e-02   2.5967556e-02   2.4839169e-02   1.8102951e-02   1.3074714e-02
   9.7300000e+03   2.6597763e-02   3.1064706e-02   1.9639146e-02   1.6191289e-02   1.3702423e-02
   9.7400000e+03   3.3110968e-02   2.7170314e-02   2.0795706e-02   1.5556318e-02   1.4921325e-02
   9.7500000e+03   3.3791510e-02   2.4551361e-02   1.7351416e-02   1.4706441e-02   1.7286504e-02
   9.7600000e+03   2.8195910e-02   2.6035858e-02   2.2147526e-02   1.9143956e-02   1.5504028e-02
   9.7700000e+03   2.9201409e-02   2.5321986e-02   2.1279765e-02   1.8860902e-02   1.4726730e-02
   9.7800000e+03   2.2043758e-02   2.5325720e-02   2.3548794e-02   1.9150200e-02   1.3785669e-02
   9.7900000e+03   2.8890279e-02   2.6907912e-02   2.3199875e-02   1.6097199e-02   1.5577489e-02
   9.8000000e+03   3.5138753e-02   3.1810371e-02   2.0103428e-02   1.8963088e-02   1.5711682e-02
   9.8100000e+03   3.4410685e-02   2.4117248e-02   2.2625727e-02   2.1161270e-02   1.5476524e-02
   9.8200000e+03   3.1628832e-02   2.5563429e-02   2.1360881e-02   1.8623685e-02   1.2802726e-02
   9.8300000e+03   3.1006497e-02   2.5781934e-02   2.1110045e-02   1.9495890e-02   1.6457545e-02
   9.8400000e+03   2.2388021e-02   2.8505777e-02   2.1227994e-02   1.7824724e-02   1.4440840e-02
   9.8500000e+03   3.4057136e-02   2.5955652e-02   1.9918958e-02   2.0964148e-02   1.6318613e-02
   9.8600000e+03   3.1066143e-02   3.3215047e-02   2.3879058e-02   1.9214032e-02   1.4874541e-02
   9.8700000e+03   3.9653313e-02   2.3336292e-02   2.2271970e-02   1.8160591e-02   1.2745261e-02
   9.8800000e+03   2.8901560e-02   2.5232204e-02   1.8463873e-02   1.8441679e-02   1.4818773e-02
   9.8900000e+03   3.0068864e-02   2.6690687e-02   2.3872258e-02   1.8816563e-02   1.6307221e-02
   9.9000000e+03   5.0379372e-02   3.5354667e-02   2.1737021e-02   1.8156239e-02   1.3632826e-02
   9.9100000e+03   2.7899990e-02   2.6681009e-02   2.0599492e-02   2.0778861e-02   1.6836621e-02
   9.9200000e+03   1.9853844e-02   2.8842148e-02   2.4013086e-02   1.9326667e-02   1.4562109e-02
   9.9300000e+03   2.9579328e-02   2.4919399e-02   2.0535049e-02   1.7197583e-02   1.4532347e-02
   9.9400000e+03   2.3968104e-02   2.6650893e-02   2.4636696e-02   1.7579306e-02   1.4919242e-02
   9.9500000e+03   2.5162083e-02   2.2735501e-02   1.8796877e-02   1.8048074e-02   1.5898963e-02
   9.9600000e+03   3.0997473e-02   2.6454975e-02   1.7918677e-02   2.3417123e-02   1.6121616e-02
   9.9700000e+03   3.7139284e-02   2.4978225e-02   1.7743483e-02   1.9432365e-02   1.6834467e-02
   9.9800000e+03   3.7762548e-02   2.2565582e-02   2.3341184e-02   1.9265535e-02   1.5364030e-02
   9.9900000e+03   2.7351927e-02   3.0435238e-02   2.0590809e-02   2.0545615e-02   1.3000250e-02
   1.0000000e+04   1.6850006e-02   2.8727840e-02   2.1649410e-02   1.6612796e-02   1.1676795e-02
